1 201 0
2 202 0
3 203 4
4 204 0
5 205 0
6 206 5
7 207 0
8 208 0
9 209 10
10 210 0
11 211 0
12 212 0
13 213 0
14 214 5
15 215 0
16 216 0
17 217 0
18 218 0
19 219 1
20 220 11
21 221 0
22 222 0
23 223 0
24 224 1
25 225 12
26 226 5
27 227 11
28 228 0
29 229 1
30 230 4
31 231 5
32 232 0
33 233 4
34 234 0
35 235 10
36 236 5
37 237 7
38 238 1
39 239 10
40 240 2
41 241 4
42 242 0
43 243 5
44 244 0
45 245 4
46 246 5
47 247 4
48 248 6
49 249 9
50 250 0
51 251 0
52 252 12
53 253 0
54 254 0
55 255 0
56 256 4
57 257 0
58 258 0
59 259 0
60 260 0
61 261 5
62 262 0
63 263 5
64 264 0
65 265 0
66 266 0
67 267 0
68 268 0
69 269 0
70 270 0
71 271 5
72 272 2
73 273 0
74 274 0
75 275 1
76 276 0
77 277 0
78 278 0
79 279 2
80 280 0
81 281 0
82 282 0
83 283 1
84 284 0
85 285 0
86 286 2
87 287 0
88 288 0
89 289 0
90 290 0
91 291 9
92 292 0
93 293 0
94 294 0
95 295 0
96 296 0
97 297 0
98 298 0
99 299 0
100 300 0
101 301 0
102 302 9
103 303 0
104 304 0
105 305 6
106 306 1
107 307 4
108 308 2
109 309 0
110 310 2
111 311 7
112 312 1
113 313 0
114 314 7
115 315 1
116 316 7
117 317 5
118 318 1
119 319 0
120 320 0
121 321 0
122 322 0
123 323 0
124 324 0
125 325 0
126 326 0
127 327 0
128 328 0
129 329 0
130 330 0
131 331 0
132 332 0
133 333 0
134 334 2
135 335 4
136 336 0
137 337 0
138 338 0
139 339 1
140 340 0
141 341 0
142 342 0
143 343 0
144 344 0
145 345 0
146 346 0
147 347 2
148 348 2
149 349 0
150 350 0
151 351 2
152 352 0
153 353 5
154 354 1
155 355 0
156 356 4
157 357 0
158 358 0
159 359 0
160 360 0
161 361 0
162 362 0
163 363 2
164 364 5
165 365 0
166 366 2
167 367 0
168 368 0
169 369 0
170 370 0
171 371 0
172 372 0
173 373 0
174 374 0
175 375 0
176 376 0
177 377 5
178 378 0
179 379 0
180 380 0
181 381 0
182 382 0
183 383 0
184 384 5
185 385 0
186 386 0
187 387 0
188 388 0
189 389 1
190 390 0
191 391 0
192 392 0
193 393 0
194 394 0
195 395 0
196 396 0
197 397 0
198 398 0
199 399 0
200 400 0
201 401 0
202 402 0
203 403 0
204 404 0
205 405 0
206 406 0
207 407 0
208 408 0
209 409 0
210 410 5
211 411 5
212 412 0
213 413 0
214 414 0
215 415 5
216 416 0
217 417 0
218 418 0
219 419 0
220 420 0
221 421 4
222 422 6
223 423 0
224 424 0
225 425 0
226 426 0
227 427 5
228 428 0
229 429 0
230 430 0
231 431 0
232 432 0
233 433 0
234 434 0
235 435 0
236 436 2
237 437 0
238 438 1
239 439 0
240 440 0
241 441 0
242 442 5
243 443 0
244 444 0
245 445 0
246 446 0
247 447 1
248 448 0
249 449 0
250 450 0
251 451 0
252 452 0
253 453 0
254 454 0
255 455 0
256 456 0
257 457 0
258 458 0
259 459 0
260 460 0
261 461 0
262 462 0
263 463 0
264 464 5
265 465 2
266 466 6
267 467 0
268 468 0
269 469 0
270 470 2
271 471 6
272 472 0
273 473 6
274 474 5
275 475 4
276 476 6
277 477 1
278 478 0
279 479 0
280 480 0
281 481 0
282 482 0
283 483 5
284 484 0
285 485 2
286 486 0
287 487 2
288 488 0
289 489 0
290 490 15
291 491 11
292 492 10
293 493 24
294 494 5
295 495 5
296 496 7
297 497 2
298 498 12
299 499 11
300 500 7
301 501 7
302 502 1
303 503 0
304 504 4
305 505 5
306 506 4
307 507 1
308 508 2
309 509 5
310 510 0
311 511 0
312 512 0
313 513 1
314 514 0
315 515 0
316 516 11
317 517 5
318 518 0
319 519 0
320 520 0
321 521 0
322 522 0
323 523 0
324 524 0
325 525 0
326 526 0
327 527 0
328 528 0
329 529 0
330 530 6
331 531 0
332 532 0
333 533 0
334 534 0
335 535 0
336 536 0
337 537 0
338 538 0
339 539 0
340 540 10
341 541 1
342 542 0
343 543 0
344 544 2
345 545 0
346 546 0
347 547 0
348 548 4
349 549 2
350 550 5
351 551 2
352 552 1
353 553 0
354 554 1
355 555 2
356 556 0
357 557 0
358 558 4
359 559 0
360 560 0
361 561 0
362 562 2
363 563 0
364 564 2
365 565 0
366 566 0
367 567 0
368 568 0
369 569 0
370 570 0
371 571 5
372 572 6
373 573 0
374 574 0
375 575 0
376 576 0
377 577 0
378 578 6
379 579 0
380 580 0
381 581 0
382 582 0
383 583 2
384 584 0
385 585 4
386 586 0
387 587 5
388 588 4
389 589 0
390 590 9
391 591 9
392 592 0
393 593 2
394 594 0
395 595 0
396 596 12
397 597 0
398 598 0
399 599 0
400 600 0
401 601 0
402 602 0
403 603 0
404 604 0
405 605 0
406 606 1
407 607 0
408 608 0
409 609 0
410 610 0
411 611 0
412 612 0
413 613 0
414 614 0
415 615 0
416 616 0
417 617 0
418 618 0
419 619 0
420 620 0
421 621 0
422 622 0
423 623 1
424 624 2
425 625 13
426 626 0
427 627 1
428 628 0
429 629 0
430 630 2
431 631 0
432 632 20
433 633 17
434 634 12
435 635 2
436 636 0
437 637 0
438 638 0
439 639 0
440 640 0
441 641 0
442 642 0
443 643 0
444 644 0
445 645 0
446 646 1
447 647 0
448 648 5
449 649 1
450 650 15
451 651 4
452 652 0
453 653 2
454 654 1
455 655 10
456 656 0
457 657 4
458 658 1
459 659 2
460 660 0
461 661 1
462 662 0
463 663 2
464 664 5
465 665 0
466 666 4
467 667 4
468 668 0
469 669 0
470 670 0
471 671 0
472 672 0
473 673 1
474 674 0
475 675 0
476 676 0
477 677 0
478 678 0
479 679 6
480 680 6
481 681 4
482 682 4
483 683 9
484 684 0
485 685 11
486 686 24
487 687 10
488 688 13
489 689 0
490 690 23
491 691 21
492 692 36
493 693 24
494 694 18
495 695 16
496 696 26
497 697 13
498 698 15
499 699 16
500 700 13
501 701 11
502 702 20
503 703 20
504 704 15
505 705 10
506 706 23
507 707 17
508 708 0
509 709 6
510 710 6
511 711 4
512 712 12
513 713 7
514 714 4
515 715 1
516 716 0
517 717 0
518 718 5
519 719 1
520 720 0
521 721 21
522 722 17
523 723 22
524 724 22
525 725 13
526 726 16
527 727 27
528 728 22
529 729 2
530 730 2
531 731 2
532 732 13
533 733 1
534 734 0
535 735 0
536 736 0
537 737 0
538 738 0
539 739 0
540 740 0
541 741 0
542 742 0
543 743 0
544 744 0
545 745 0
546 746 7
547 747 0
548 748 10
549 749 11
550 750 10
551 751 10
552 752 7
553 753 0
554 754 0
555 755 0
556 756 1
557 757 0
558 758 0
559 759 0
560 760 0
561 761 0
562 762 0
563 763 0
564 764 2
565 765 5
566 766 0
567 767 0
568 768 0
569 769 0
570 770 0
571 771 0
572 772 5
573 773 0
574 774 0
575 775 15
576 776 7
577 777 0
578 778 0
579 779 0
580 780 0
581 781 0
582 782 0
583 783 0
584 784 6
585 785 5
586 786 4
587 787 5
588 788 16
589 789 0
590 790 0
591 791 7
592 792 20
593 793 28
594 794 23
595 795 26
596 796 16
597 797 16
598 798 29
599 799 0
600 800 0
601 801 0
602 802 0
603 803 4
604 804 0
605 805 0
606 806 0
607 807 0
608 808 0
609 809 1
610 810 1
611 811 0
612 812 0
613 813 0
614 814 0
615 815 0
616 816 2
617 817 0
618 818 0
619 819 0
620 820 0
621 821 0
622 822 0
623 823 0
624 824 0
625 825 0
626 826 0
627 827 0
628 828 0
629 829 0
630 830 0
631 831 0
632 832 0
633 833 0
634 834 0
635 835 0
636 836 0
637 837 0
638 838 0
639 839 0
640 840 0
641 841 0
642 842 6
643 843 0
644 844 0
645 845 0
646 846 0
647 847 0
648 848 0
649 849 0
650 850 0
651 851 1
652 852 0
653 853 0
654 854 0
655 855 0
656 856 0
657 857 0
658 858 0
659 859 0
660 860 6
661 861 0
662 862 0
663 863 0
664 864 0
665 865 0
666 866 0
667 867 0
668 868 0
669 869 0
670 870 0
671 871 0
672 872 0
673 873 0
674 874 0
675 875 0
676 876 0
677 877 0
678 878 0
679 879 0
680 880 0
681 881 0
682 882 0
683 883 0
684 884 0
685 885 0
686 886 0
687 887 0
688 888 0
689 889 0
690 890 0
691 891 0
692 892 0
693 893 0
694 894 0
695 895 2
696 896 0
697 897 0
698 898 0
699 899 0
700 900 0
701 901 0
702 902 0
703 903 0
704 904 0
705 905 0
706 906 0
707 907 0
708 908 0
709 909 0
710 910 0
711 911 0
712 912 0
713 913 0
714 914 0
715 915 0
716 916 0
717 917 0
718 918 0
719 919 0
720 920 0
721 921 0
722 922 0
723 923 0
724 924 0
725 925 0
726 926 0
727 927 0
728 928 0
729 929 0
730 930 0
731 931 0
732 932 0
733 933 0
734 934 0
735 935 0
736 936 0
737 937 0
738 938 0
739 939 1
740 940 0
741 941 0
742 942 0
743 943 0
744 944 0
745 945 0
746 946 0
747 947 0
748 948 0
749 949 0
750 950 0
751 951 0
752 952 0
753 953 0
754 954 4
755 955 0
756 956 0
757 957 0
758 958 0
759 959 0
760 960 0
761 961 0
762 962 0
763 963 0
764 964 9
765 965 0
766 966 0
767 967 2
768 968 0
769 969 1
770 970 0
771 971 1
772 972 0
773 973 2
774 974 0
775 975 0
776 976 4
777 977 4
778 978 0
779 979 2
780 980 0
781 981 0
782 982 6
783 983 0
784 984 0
785 985 2
786 986 0
787 987 1
788 988 9
789 989 0
790 990 0
791 991 4
792 992 0
793 993 2
794 994 5
795 995 0
796 996 0
797 997 0
798 998 0
799 999 0
800 1000 1
801 1001 0
802 1002 0
803 1003 0
804 1004 0
805 1005 0
806 1006 0
807 1007 0
808 1008 0
809 1009 0
810 1010 5
811 1011 0
812 1012 0
813 1013 0
814 1014 0
815 1015 0
816 1016 0
817 1017 0
818 1018 0
819 1019 0
820 1020 0
821 1021 0
822 1022 0
823 1023 0
824 1024 0
825 1025 5
826 1026 0
827 1027 0
828 1028 0
829 1029 0
830 1030 2
831 1031 4
832 1032 0
833 1033 0
834 1034 7
835 1035 7
836 1036 5
837 1037 11
838 1038 1
839 1039 15
840 1040 0
841 1041 4
842 1042 2
843 1043 1
844 1044 0
845 1045 13
846 1046 9
847 1047 0
848 1048 0
849 1049 0
850 1050 0
851 1051 6
852 1052 1
853 1053 0
854 1054 1
855 1055 0
856 1056 2
857 1057 0
858 1058 0
859 1059 0
860 1060 2
861 1061 7
862 1062 1
863 1063 4
864 1064 0
865 1065 0
866 1066 5
867 1067 2
868 1068 11
869 1069 2
870 1070 0
871 1071 0
872 1072 0
873 1073 0
874 1074 7
875 1075 0
876 1076 2
877 1077 0
878 1078 0
879 1079 0
880 1080 0
881 1081 9
882 1082 4
883 1083 9
884 1084 6
885 1085 6
886 1086 1
887 1087 0
888 1088 0
889 1089 0
890 1090 0
891 1091 0
892 1092 0
893 1093 5
894 1094 0
895 1095 4
896 1096 0
897 1097 6
898 1098 0
899 1099 12
900 1100 0
901 1101 0
902 1102 0
903 1103 0
904 1104 0
905 1105 0
906 1106 0
907 1107 4
908 1108 7
909 1109 0
910 1110 0
911 1111 0
912 1112 0
913 1113 0
914 1114 1
915 1115 5
916 1116 0
917 1117 0
918 1118 0
919 1119 0
920 1120 0
921 1121 0
922 1122 0
923 1123 0
924 1124 0
925 1125 0
926 1126 0
927 1127 0
928 1128 6
929 1129 5
930 1130 18
931 1131 24
932 1132 11
933 1133 26
934 1134 27
935 1135 20
936 1136 28
937 1137 24
938 1138 10
939 1139 28
940 1140 12
941 1141 29
942 1142 29
943 1143 33
944 1144 36
945 1145 26
946 1146 48
947 1147 44
948 1148 28
949 1149 32
950 1150 20
951 1151 26
952 1152 21
953 1153 28
954 1154 10
955 1155 16
956 1156 22
957 1157 27
958 1158 22
959 1159 24
960 1160 44
961 1161 23
962 1162 24
963 1163 23
964 1164 24
965 1165 34
966 1166 26
967 1167 23
968 1168 23
969 1169 18
970 1170 36
971 1171 21
972 1172 5
973 1173 0
974 1174 7
975 1175 0
976 1176 6
977 1177 17
978 1178 2
979 1179 18
980 1180 21
981 1181 17
982 1182 22
983 1183 26
984 1184 27
985 1185 33
986 1186 15
987 1187 33
988 1188 21
989 1189 26
990 1190 26
991 1191 27
992 1192 27
993 1193 42
994 1194 34
995 1195 28
996 1196 31
997 1197 27
998 1198 31
999 1199 37
1000 1200 28
1001 1201 21
1002 1202 20
1003 1203 40
1004 1204 33
1005 1205 22
1006 1206 15
1007 1207 22
1008 1208 27
1009 1209 28
1010 1210 31
1011 1211 15
1012 1212 9
1013 1213 7
1014 1214 21
1015 1215 42
1016 1216 29
1017 1217 18
1018 1218 22
1019 1219 15
1020 1220 20
1021 1221 18
1022 1222 27
1023 1223 26
1024 1224 20
1025 1225 18
1026 1226 26
1027 1227 28
1028 1228 26
1029 1229 21
1030 1230 1
1031 1231 1
1032 1232 12
1033 1233 11
1034 1234 1
1035 1235 4
1036 1236 0
1037 1237 0
1038 1238 0
1039 1239 0
1040 1240 12
1041 1241 0
1042 1242 7
1043 1243 9
1044 1244 0
1045 1245 7
1046 1246 2
1047 1247 2
1048 1248 7
1049 1249 5
1050 1250 2
1051 1251 0
1052 1252 0
1053 1253 0
1054 1254 0
1055 1255 0
1056 1256 0
1057 1257 0
1058 1258 5
1059 1259 4
1060 1260 9
1061 1261 12
1062 1262 9
1063 1263 5
1064 1264 13
1065 1265 6
1066 1266 13
1067 1267 2
1068 1268 9
1069 1269 0
1070 1270 16
1071 1271 0
1072 1272 13
1073 1273 16
1074 1274 5
1075 1275 13
1076 1276 28
1077 1277 16
1078 1278 31
1079 1279 40
1080 1280 22
1081 1281 40
1082 1282 29
1083 1283 22
1084 1284 31
1085 1285 28
1086 1286 26
1087 1287 34
1088 1288 28
1089 1289 28
1090 1290 31
1091 1291 37
1092 1292 31
1093 1293 37
1094 1294 22
1095 1295 26
1096 1296 33
1097 1297 37
1098 1298 40
1099 1299 42
1100 1300 37
1101 1301 29
1102 1302 39
1103 1303 34
1104 1304 26
1105 1305 28
1106 1306 28
1107 1307 29
1108 1308 29
1109 1309 16
1110 1310 22
1111 1311 24
1112 1312 13
1113 1313 17
1114 1314 11
1115 1315 12
1116 1316 17
1117 1317 16
1118 1318 28
1119 1319 28
1120 1320 32
1121 1321 21
1122 1322 51
1123 1323 58
1124 1324 18
1125 1325 13
1126 1326 58
1127 1327 49
1128 1328 69
1129 1329 56
1130 1330 71
1131 1331 64
1132 1332 56
1133 1333 62
1134 1334 61
1135 1335 55
1136 1336 59
1137 1337 43
1138 1338 58
1139 1339 49
1140 1340 34
1141 1341 60
1142 1342 34
1143 1343 59
1144 1344 42
1145 1345 53
1146 1346 43
1147 1347 38
1148 1348 59
1149 1349 33
1150 1350 24
1151 1351 38
1152 1352 32
1153 1353 40
1154 1354 36
1155 1355 32
1156 1356 23
1157 1357 32
1158 1358 23
1159 1359 20
1160 1360 23
1161 1361 17
1162 1362 20
1163 1363 24
1164 1364 32
1165 1365 38
1166 1366 61
1167 1367 33
1168 1368 59
1169 1369 50
1170 1370 50
1171 1371 60
1172 1372 50
1173 1373 67
1174 1374 78
1175 1375 44
1176 1376 38
1177 1377 51
1178 1378 20
1179 1379 29
1180 1380 31
1181 1381 36
1182 1382 29
1183 1383 28
1184 1384 29
1185 1385 34
1186 1386 40
1187 1387 42
1188 1388 64
1189 1389 44
1190 1390 50
1191 1391 51
1192 1392 59
1193 1393 44
1194 1394 47
1195 1395 26
1196 1396 45
1197 1397 28
1198 1398 15
1199 1399 32
1200 1400 34
1201 1401 18
1202 1402 36
1203 1403 36
1204 1404 32
1205 1405 28
1206 1406 32
1207 1407 31
1208 1408 31
1209 1409 28
1210 1410 28
1211 1411 27
1212 1412 31
1213 1413 18
1214 1414 17
1215 1415 13
1216 1416 6
1217 1417 9
1218 1418 12
1219 1419 7
1220 1420 2
1221 1421 0
1222 1422 10
1223 1423 10
1224 1424 0
1225 1425 0
1226 1426 29
1227 1427 0
1228 1428 5
1229 1429 0
1230 1430 10
1231 1431 9
1232 1432 18
1233 1433 5
1234 1434 9
1235 1435 23
1236 1436 18
1237 1437 18
1238 1438 34
1239 1439 16
1240 1440 39
1241 1441 29
1242 1442 18
1243 1443 13
1244 1444 22
1245 1445 4
1246 1446 15
1247 1447 6
1248 1448 22
1249 1449 10
1250 1450 0
1251 1451 2
1252 1452 4
1253 1453 15
1254 1454 0
1255 1455 1
1256 1456 12
1257 1457 15
1258 1458 12
1259 1459 0
1260 1460 4
1261 1461 2
1262 1462 6
1263 1463 0
1264 1464 39
1265 1465 31
1266 1466 33
1267 1467 23
1268 1468 23
1269 1469 38
1270 1470 42
1271 1471 32
1272 1472 39
1273 1473 37
1274 1474 24
1275 1475 31
1276 1476 28
1277 1477 20
1278 1478 15
1279 1479 42
1280 1480 33
1281 1481 43
1282 1482 39
1283 1483 32
1284 1484 39
1285 1485 28
1286 1486 38
1287 1487 40
1288 1488 38
1289 1489 26
1290 1490 40
1291 1491 32
1292 1492 32
1293 1493 34
1294 1494 40
1295 1495 31
1296 1496 33
1297 1497 42
1298 1498 24
1299 1499 47
1300 1500 39
1301 1501 59
1302 1502 65
1303 1503 62
1304 1504 60
1305 1505 48
1306 1506 59
1307 1507 31
1308 1508 40
1309 1509 43
1310 1510 31
1311 1511 24
1312 1512 33
1313 1513 43
1314 1514 29
1315 1515 11
1316 1516 11
1317 1517 22
1318 1518 10
1319 1519 17
1320 1520 13
1321 1521 22
1322 1522 26
1323 1523 27
1324 1524 22
1325 1525 37
1326 1526 28
1327 1527 33
1328 1528 39
1329 1529 12
1330 1530 18
1331 1531 16
1332 1532 20
1333 1533 13
1334 1534 11
1335 1535 21
1336 1536 24
1337 1537 36
1338 1538 24
1339 1539 16
1340 1540 4
1341 1541 0
1342 1542 0
1343 1543 13
1344 1544 6
1345 1545 7
1346 1546 10
1347 1547 5
1348 1548 7
1349 1549 13
1350 1550 4
1351 1551 1
1352 1552 6
1353 1553 1
1354 1554 0
1355 1555 0
1356 1556 0
1357 1557 7
1358 1558 9
1359 1559 0
1360 1560 0
1361 1561 6
1362 1562 2
1363 1563 4
1364 1564 10
1365 1565 0
1366 1566 1
1367 1567 5
1368 1568 4
1369 1569 5
1370 1570 2
1371 1571 4
1372 1572 7
1373 1573 7
1374 1574 6
1375 1575 0
1376 1576 0
1377 1577 2
1378 1578 4
1379 1579 0
1380 1580 1
1381 1581 9
1382 1582 17
1383 1583 15
1384 1584 11
1385 1585 13
1386 1586 22
1387 1587 22
1388 1588 27
1389 1589 9
1390 1590 1
1391 1591 6
1392 1592 0
1393 1593 0
1394 1594 5
1395 1595 6
1396 1596 1
1397 1597 1
1398 1598 0
1399 1599 0
1400 1600 0
1401 1601 4
1402 1602 0
1403 1603 5
1404 1604 1
1405 1605 0
1406 1606 0
1407 1607 0
1408 1608 0
1409 1609 0
1410 1610 0
1411 1611 0
1412 1612 0
1413 1613 0
1414 1614 0
1415 1615 0
1416 1616 0
1417 1617 0
1418 1618 0
1419 1619 2
1420 1620 0
1421 1621 1
1422 1622 0
1423 1623 2
1424 1624 0
1425 1625 0
1426 1626 0
1427 1627 1
1428 1628 2
1429 1629 0
1430 1630 1
1431 1631 1
1432 1632 1
1433 1633 0
1434 1634 0
1435 1635 1
1436 1636 2
1437 1637 2
1438 1638 0
1439 1639 0
1440 1640 4
1441 1641 5
1442 1642 1
1443 1643 10
1444 1644 10
1445 1645 10
1446 1646 6
1447 1647 10
1448 1648 6
1449 1649 20
1450 1650 20
1451 1651 24
1452 1652 22
1453 1653 22
1454 1654 26
1455 1655 29
1456 1656 22
1457 1657 18
1458 1658 13
1459 1659 22
1460 1660 18
1461 1661 20
1462 1662 27
1463 1663 32
1464 1664 22
1465 1665 22
1466 1666 33
1467 1667 40
1468 1668 37
1469 1669 20
1470 1670 33
1471 1671 10
1472 1672 32
1473 1673 33
1474 1674 10
1475 1675 5
1476 1676 0
1477 1677 1
1478 1678 6
1479 1679 2
1480 1680 0
1481 1681 7
1482 1682 1
1483 1683 2
1484 1684 0
1485 1685 2
1486 1686 6
1487 1687 5
1488 1688 6
1489 1689 0
1490 1690 1
1491 1691 1
1492 1692 4
1493 1693 2
1494 1694 5
1495 1695 7
1496 1696 7
1497 1697 13
1498 1698 0
1499 1699 0
1500 1700 0
1501 1701 0
1502 1702 2
1503 1703 0
1504 1704 0
1505 1705 0
1506 1706 1
1507 1707 5
1508 1708 0
1509 1709 21
1510 1710 26
1511 1711 15
1512 1712 21
1513 1713 18
1514 1714 15
1515 1715 21
1516 1716 16
1517 1717 12
1518 1718 13
1519 1719 9
1520 1720 1
1521 1721 1
1522 1722 18
1523 1723 2
1524 1724 0
1525 1725 4
1526 1726 4
1527 1727 11
1528 1728 13
1529 1729 11
1530 1730 5
1531 1731 0
1532 1732 6
1533 1733 6
1534 1734 15
1535 1735 17
1536 1736 12
1537 1737 5
1538 1738 11
1539 1739 10
1540 1740 2
1541 1741 26
1542 1742 24
1543 1743 12
1544 1744 22
1545 1745 16
1546 1746 20
1547 1747 17
1548 1748 29
1549 1749 10
1550 1750 6
1551 1751 16
1552 1752 2
1553 1753 6
1554 1754 4
1555 1755 7
1556 1756 6
1557 1757 20
1558 1758 4
1559 1759 5
1560 1760 5
1561 1761 10
1562 1762 12
1563 1763 11
1564 1764 12
1565 1765 1
1566 1766 5
1567 1767 9
1568 1768 0
1569 1769 0
1570 1770 12
1571 1771 17
1572 1772 24
1573 1773 32
1574 1774 21
1575 1775 29
1576 1776 34
1577 1777 11
1578 1778 15
1579 1779 27
1580 1780 39
1581 1781 31
1582 1782 11
1583 1783 11
1584 1784 29
1585 1785 31
1586 1786 7
1587 1787 12
1588 1788 16
1589 1789 22
1590 1790 33
1591 1791 33
1592 1792 29
1593 1793 36
1594 1794 16
1595 1795 9
1596 1796 17
1597 1797 18
1598 1798 29
1599 1799 34
1600 1800 20
1601 1801 43
1602 1802 27
1603 1803 17
1604 1804 9
1605 1805 15
1606 1806 12
1607 1807 21
1608 1808 21
1609 1809 15
1610 1810 12
1611 1811 7
1612 1812 0
1613 1813 12
1614 1814 1
1615 1815 13
1616 1816 5
1617 1817 9
1618 1818 9
1619 1819 10
1620 1820 6
1621 1821 10
1622 1822 11
1623 1823 1
1624 1824 7
1625 1825 24
1626 1826 9
1627 1827 6
1628 1828 7
1629 1829 21
1630 1830 6
1631 1831 7
1632 1832 0
1633 1833 6
1634 1834 32
1635 1835 7
1636 1836 10
1637 1837 0
1638 1838 0
1639 1839 0
1640 1840 1
1641 1841 1
1642 1842 4
1643 1843 13
1644 1844 24
1645 1845 6
1646 1846 7
1647 1847 1
1648 1848 0
1649 1849 9
1650 1850 5
1651 1851 7
1652 1852 16
1653 1853 10
1654 1854 5
1655 1855 0
1656 1856 0
1657 1857 0
1658 1858 11
1659 1859 10
1660 1860 4
1661 1861 12
1662 1862 9
1663 1863 7
1664 1864 11
1665 1865 12
1666 1866 12
1667 1867 5
1668 1868 1
1669 1869 2
1670 1870 4
1671 1871 0
1672 1872 1
1673 1873 12
1674 1874 11
1675 1875 11
1676 1876 17
1677 1877 12
1678 1878 24
1679 1879 24
1680 1880 40
1681 1881 20
1682 1882 29
1683 1883 33
1684 1884 26
1685 1885 28
1686 1886 36
1687 1887 11
1688 1888 20
1689 1889 16
1690 1890 0
1691 1891 0
1692 1892 1
1693 1893 0
1694 1894 5
1695 1895 6
1696 1896 0
1697 1897 0
1698 1898 12
1699 1899 6
1700 1900 13
1701 1901 20
1702 1902 23
1703 1903 28
1704 1904 38
1705 1905 37
1706 1906 28
1707 1907 40
1708 1908 28
1709 1909 34
1710 1910 38
1711 1911 42
1712 1912 65
1713 1913 28
1714 1914 12
1715 1915 23
1716 1916 39
1717 1917 27
1718 1918 45
1719 1919 23
1720 1920 21
1721 1921 31
1722 1922 7
1723 1923 28
1724 1924 27
1725 1925 17
1726 1926 11
1727 1927 20
1728 1928 34
1729 1929 38
1730 1930 26
1731 1931 34
1732 1932 49
1733 1933 33
1734 1934 33
1735 1935 18
1736 1936 15
1737 1937 24
1738 1938 11
1739 1939 29
1740 1940 18
1741 1941 11
1742 1942 13
1743 1943 22
1744 1944 21
1745 1945 24
1746 1946 27
1747 1947 27
1748 1948 16
1749 1949 18
1750 1950 18
1751 1951 11
1752 1952 10
1753 1953 18
1754 1954 26
1755 1955 23
1756 1956 13
1757 1957 7
1758 1958 11
1759 1959 34
1760 1960 29
1761 1961 47
1762 1962 44
1763 1963 44
1764 1964 49
1765 1965 28
1766 1966 44
1767 1967 42
1768 1968 29
1769 1969 26
1770 1970 27
1771 1971 26
1772 1972 36
1773 1973 18
1774 1974 33
1775 1975 26
1776 1976 39
1777 1977 36
1778 1978 31
1779 1979 33
1780 1980 38
1781 1981 31
1782 1982 29
1783 1983 22
1784 1984 31
1785 1985 34
1786 1986 33
1787 1987 26
1788 1988 32
1789 1989 26
1790 1990 24
1791 1991 32
1792 1992 36
1793 1993 26
1794 1994 40
1795 1995 34
1796 1996 50
1797 1997 64
1798 1998 26
1799 1999 24
1800 2000 40
1801 2001 28
1802 2002 38
1803 2003 40
1804 2004 39
1805 2005 38
1806 2006 28
1807 2007 32
1808 2008 28
1809 2009 39
1810 2010 23
1811 2011 18
1812 2012 10
1813 2013 29
1814 2014 27
1815 2015 37
1816 2016 36
1817 2017 24
1818 2018 29
1819 2019 26
1820 2020 28
1821 2021 32
1822 2022 34
1823 2023 26
1824 2024 32
1825 2025 32
1826 2026 29
1827 2027 42
1828 2028 39
1829 2029 34
1830 2030 38
1831 2031 28
1832 2032 34
1833 2033 15
1834 2034 18
1835 2035 16
1836 2036 26
1837 2037 21
1838 2038 20
1839 2039 22
1840 2040 42
1841 2041 40
1842 2042 44
1843 2043 33
1844 2044 33
1845 2045 33
1846 2046 27
1847 2047 39
1848 2048 32
1849 2049 33
1850 2050 42
1851 2051 26
1852 2052 34
1853 2053 44
1854 2054 26
1855 2055 39
1856 2056 31
1857 2057 27
1858 2058 40
1859 2059 29
1860 2060 31
1861 2061 21
1862 2062 26
1863 2063 28
1864 2064 37
1865 2065 39
1866 2066 37
1867 2067 38
1868 2068 58
1869 2069 37
1870 2070 39
1871 2071 32
1872 2072 42
1873 2073 27
1874 2074 38
1875 2075 42
1876 2076 36
1877 2077 53
1878 2078 44
1879 2079 43
1880 2080 55
1881 2081 47
1882 2082 43
1883 2083 50
1884 2084 38
1885 2085 47
1886 2086 34
1887 2087 49
1888 2088 45
1889 2089 38
1890 2090 34
1891 2091 37
1892 2092 31
1893 2093 39
1894 2094 29
1895 2095 42
1896 2096 36
1897 2097 28
1898 2098 32
1899 2099 36
1900 2100 27
1901 2101 38
1902 2102 38
1903 2103 28
1904 2104 33
1905 2105 38
1906 2106 32
1907 2107 27
1908 2108 26
1909 2109 28
1910 2110 24
1911 2111 37
1912 2112 28
1913 2113 34
1914 2114 17
1915 2115 34
1916 2116 36
1917 2117 39
1918 2118 27
1919 2119 32
1920 2120 44
1921 2121 26
1922 2122 23
1923 2123 33
1924 2124 36
1925 2125 38
1926 2126 32
1927 2127 43
1928 2128 38
1929 2129 47
1930 2130 33
1931 2131 38
1932 2132 39
1933 2133 26
1934 2134 29
1935 2135 40
1936 2136 44
1937 2137 28
1938 2138 36
1939 2139 36
1940 2140 29
1941 2141 27
1942 2142 34
1943 2143 38
1944 2144 42
1945 2145 33
1946 2146 31
1947 2147 28
1948 2148 33
1949 2149 24
1950 2150 33
1951 2151 49
1952 2152 32
1953 2153 37
1954 2154 37
1955 2155 26
1956 2156 39
1957 2157 31
1958 2158 39
1959 2159 31
1960 2160 26
1961 2161 31
1962 2162 29
1963 2163 27
1964 2164 33
1965 2165 34
1966 2166 32
1967 2167 13
1968 2168 27
1969 2169 36
1970 2170 34
1971 2171 38
1972 2172 39
1973 2173 34
1974 2174 28
1975 2175 32
1976 2176 37
1977 2177 29
1978 2178 39
1979 2179 34
1980 2180 32
1981 2181 45
1982 2182 45
1983 2183 17
1984 2184 20
1985 2185 40
1986 2186 23
1987 2187 27
1988 2188 36
1989 2189 43
1990 2190 39
1991 2191 37
1992 2192 29
1993 2193 37
1994 2194 31
1995 2195 36
1996 2196 26
1997 2197 33
1998 2198 29
1999 2199 32
2000 2200 27
2001 2201 38
2002 2202 48
2003 2203 29
2004 2204 33
2005 2205 37
2006 2206 29
2007 2207 42
2008 2208 39
2009 2209 42
2010 2210 44
2011 2211 42
2012 2212 29
2013 2213 45
2014 2214 47
2015 2215 32
2016 2216 42
2017 2217 53
2018 2218 34
2019 2219 34
2020 2220 31
2021 2221 29
2022 2222 42
2023 2223 22
2024 2224 24
2025 2225 40
2026 2226 45
2027 2227 42
2028 2228 33
2029 2229 33
2030 2230 44
2031 2231 45
2032 2232 45
2033 2233 45
2034 2234 38
2035 2235 58
2036 2236 51
2037 2237 50
2038 2238 37
2039 2239 71
2040 2240 58
2041 2241 43
2042 2242 40
2043 2243 45
2044 2244 36
2045 2245 39
2046 2246 36
2047 2247 43
2048 2248 37
2049 2249 53
2050 2250 40
2051 2251 36
2052 2252 39
2053 2253 36
2054 2254 51
2055 2255 23
2056 2256 54
2057 2257 29
2058 2258 37
2059 2259 34
2060 2260 34
2061 2261 47
2062 2262 37
2063 2263 36
2064 2264 45
2065 2265 42
2066 2266 38
2067 2267 40
2068 2268 29
2069 2269 29
2070 2270 27
2071 2271 27
2072 2272 40
2073 2273 32
2074 2274 42
2075 2275 28
2076 2276 38
2077 2277 53
2078 2278 32
2079 2279 20
2080 2280 29
2081 2281 39
2082 2282 40
2083 2283 29
2084 2284 29
2085 2285 28
2086 2286 48
2087 2287 40
2088 2288 43
2089 2289 48
2090 2290 39
2091 2291 44
2092 2292 27
2093 2293 50
2094 2294 53
2095 2295 54
2096 2296 48
2097 2297 49
2098 2298 40
2099 2299 32
2100 2300 51
2101 2301 53
2102 2302 33
2103 2303 58
2104 2304 34
2105 2305 47
2106 2306 43
2107 2307 29
2108 2308 34
2109 2309 29
2110 2310 16
2111 2311 10
2112 2312 23
2113 2313 13
2114 2314 6
2115 2315 12
2116 2316 11
2117 2317 17
2118 2318 31
2119 2319 37
2120 2320 43
2121 2321 29
2122 2322 15
2123 2323 16
2124 2324 17
2125 2325 15
2126 2326 18
2127 2327 34
2128 2328 9
2129 2329 10
2130 2330 5
2131 2331 21
2132 2332 36
2133 2333 36
2134 2334 32
2135 2335 33
2136 2336 44
2137 2337 34
2138 2338 56
2139 2339 43
2140 2340 51
2141 2341 37
2142 2342 39
2143 2343 26
2144 2344 24
2145 2345 36
2146 2346 42
2147 2347 33
2148 2348 37
2149 2349 33
2150 2350 31
2151 2351 37
2152 2352 37
2153 2353 37
2154 2354 28
2155 2355 32
2156 2356 24
2157 2357 33
2158 2358 27
2159 2359 45
2160 2360 29
2161 2361 38
2162 2362 54
2163 2363 31
2164 2364 32
2165 2365 43
2166 2366 24
2167 2367 34
2168 2368 37
2169 2369 31
2170 2370 31
2171 2371 33
2172 2372 39
2173 2373 42
2174 2374 32
2175 2375 34
2176 2376 33
2177 2377 26
2178 2378 37
2179 2379 31
2180 2380 29
2181 2381 26
2182 2382 36
2183 2383 34
2184 2384 31
2185 2385 36
2186 2386 27
2187 2387 29
2188 2388 42
2189 2389 38
2190 2390 34
2191 2391 29
2192 2392 39
2193 2393 31
2194 2394 29
2195 2395 26
2196 2396 26
2197 2397 49
2198 2398 49
2199 2399 48
2200 2400 53
2201 2401 53
2202 2402 69
2203 2403 45
2204 2404 22
2205 2405 7
2206 2406 20
2207 2407 17
2208 2408 33
2209 2409 9
2210 2410 56
2211 2411 54
2212 2412 55
2213 2413 50
2214 2414 29
2215 2415 47
2216 2416 42
2217 2417 48
2218 2418 34
2219 2419 31
2220 2420 16
2221 2421 27
2222 2422 18
2223 2423 26
2224 2424 21
2225 2425 27
2226 2426 20
2227 2427 4
2228 2428 7
2229 2429 12
2230 2430 16
2231 2431 15
2232 2432 16
2233 2433 6
2234 2434 9
2235 2435 4
2236 2436 10
2237 2437 15
2238 2438 13
2239 2439 12
2240 2440 7
2241 2441 0
2242 2442 4
2243 2443 0
2244 2444 1
2245 2445 1
2246 2446 2
2247 2447 9
2248 2448 2
2249 2449 1
2250 2450 0
2251 2451 5
2252 2452 4
2253 2453 5
2254 2454 0
2255 2455 0
2256 2456 2
2257 2457 5
2258 2458 5
2259 2459 0
2260 2460 11
2261 2461 10
2262 2462 5
2263 2463 2
2264 2464 1
2265 2465 5
2266 2466 4
2267 2467 9
2268 2468 7
2269 2469 1
2270 2470 0
2271 2471 0
2272 2472 0
2273 2473 0
2274 2474 0
2275 2475 2
2276 2476 0
2277 2477 0
2278 2478 22
2279 2479 11
2280 2480 0
2281 2481 0
2282 2482 5
2283 2483 6
2284 2484 0
2285 2485 6
2286 2486 1
2287 2487 2
2288 2488 7
2289 2489 1
2290 2490 0
2291 2491 0
2292 2492 9
2293 2493 17
2294 2494 10
2295 2495 15
2296 2496 17
2297 2497 16
2298 2498 10
2299 2499 13
2300 2500 10
2301 2501 10
2302 2502 16
2303 2503 11
2304 2504 11
2305 2505 15
2306 2506 16
2307 2507 16
2308 2508 10
2309 2509 5
2310 2510 7
2311 2511 10
2312 2512 1
2313 2513 24
2314 2514 9
2315 2515 4
2316 2516 0
2317 2517 0
2318 2518 11
2319 2519 0
2320 2520 7
2321 2521 5
2322 2522 4
2323 2523 7
2324 2524 5
2325 2525 10
2326 2526 13
2327 2527 17
2328 2528 11
2329 2529 18
2330 2530 10
2331 2531 7
2332 2532 17
2333 2533 20
2334 2534 22
2335 2535 11
2336 2536 12
2337 2537 13
2338 2538 7
2339 2539 12
2340 2540 17
2341 2541 6
2342 2542 10
2343 2543 4
2344 2544 9
2345 2545 15
2346 2546 5
2347 2547 0
2348 2548 5
2349 2549 0
2350 2550 7
2351 2551 2
2352 2552 0
2353 2553 0
2354 2554 0
2355 2555 0
2356 2556 0
2357 2557 0
2358 2558 0
2359 2559 0
2360 2560 0
2361 2561 2
2362 2562 0
2363 2563 0
2364 2564 0
2365 2565 5
2366 2566 0
2367 2567 0
2368 2568 0
2369 2569 0
2370 2570 0
2371 2571 0
2372 2572 2
2373 2573 0
2374 2574 0
2375 2575 0
2376 2576 0
2377 2577 0
2378 2578 0
2379 2579 0
2380 2580 0
2381 2581 2
2382 2582 0
2383 2583 0
2384 2584 5
2385 2585 13
2386 2586 0
2387 2587 0
2388 2588 11
2389 2589 0
2390 2590 0
2391 2591 0
2392 2592 0
2393 2593 0
2394 2594 0
2395 2595 0
2396 2596 0
2397 2597 0
2398 2598 1
2399 2599 0
2400 2600 0
2401 2601 0
2402 2602 0
2403 2603 0
2404 2604 0
2405 2605 0
2406 2606 0
2407 2607 0
2408 2608 0
2409 2609 2
2410 2610 0
2411 2611 0
2412 2612 0
2413 2613 0
2414 2614 0
2415 2615 0
2416 2616 0
2417 2617 0
2418 2618 0
2419 2619 0
2420 2620 0
2421 2621 0
2422 2622 0
2423 2623 4
2424 2624 0
2425 2625 0
2426 2626 0
2427 2627 0
2428 2628 0
2429 2629 0
2430 2630 1
2431 2631 2
2432 2632 0
2433 2633 0
2434 2634 0
2435 2635 0
2436 2636 0
2437 2637 0
2438 2638 0
2439 2639 0
2440 2640 4
2441 2641 1
2442 2642 0
2443 2643 4
2444 2644 0
2445 2645 0
2446 2646 5
2447 2647 0
2448 2648 0
2449 2649 2
2450 2650 0
2451 2651 1
2452 2652 0
2453 2653 0
2454 2654 6
2455 2655 1
2456 2656 1
2457 2657 1
2458 2658 0
2459 2659 2
2460 2660 4
2461 2661 0
2462 2662 0
2463 2663 0
2464 2664 1
2465 2665 4
2466 2666 0
2467 2667 0
2468 2668 0
2469 2669 0
2470 2670 0
2471 2671 0
2472 2672 0
2473 2673 0
2474 2674 0
2475 2675 0
2476 2676 2
2477 2677 0
2478 2678 1
2479 2679 5
2480 2680 5
2481 2681 7
2482 2682 0
2483 2683 2
2484 2684 0
2485 2685 0
2486 2686 0
2487 2687 5
2488 2688 0
2489 2689 6
2490 2690 1
2491 2691 0
2492 2692 0
2493 2693 0
2494 2694 0
2495 2695 0
2496 2696 0
2497 2697 0
2498 2698 0
2499 2699 0
2500 2700 4
2501 2701 0
2502 2702 5
2503 2703 6
2504 2704 0
2505 2705 6
2506 2706 0
2507 2707 0
2508 2708 9
2509 2709 0
2510 2710 10
2511 2711 5
2512 2712 9
2513 2713 9
2514 2714 6
2515 2715 18
2516 2716 6
2517 2717 1
2518 2718 0
2519 2719 0
2520 2720 0
2521 2721 0
2522 2722 1
2523 2723 11
2524 2724 0
2525 2725 0
2526 2726 6
2527 2727 1
2528 2728 1
2529 2729 0
2530 2730 0
2531 2731 0
2532 2732 1
2533 2733 0
2534 2734 1
2535 2735 1
2536 2736 0
2537 2737 0
2538 2738 0
2539 2739 0
2540 2740 0
2541 2741 0
2542 2742 0
2543 2743 10
2544 2744 1
2545 2745 0
2546 2746 0
2547 2747 0
2548 2748 0
2549 2749 0
2550 2750 0
2551 2751 0
2552 2752 0
2553 2753 0
2554 2754 0
2555 2755 4
2556 2756 2
2557 2757 1
2558 2758 0
2559 2759 0
2560 2760 0
2561 2761 0
2562 2762 4
2563 2763 0
2564 2764 0
2565 2765 0
2566 2766 0
2567 2767 0
2568 2768 0
2569 2769 0
2570 2770 0
2571 2771 0
2572 2772 0
2573 2773 0
2574 2774 2
2575 2775 0
2576 2776 0
2577 2777 0
2578 2778 0
2579 2779 0
2580 2780 0
2581 2781 1
2582 2782 1
2583 2783 0
2584 2784 2
2585 2785 0
2586 2786 0
2587 2787 5
2588 2788 0
2589 2789 0
2590 2790 0
2591 2791 0
2592 2792 5
2593 2793 10
2594 2794 12
2595 2795 0
2596 2796 0
2597 2797 0
2598 2798 0
2599 2799 1
2600 2800 4
2601 2801 2
2602 2802 1
2603 2803 0
2604 2804 0
2605 2805 2
2606 2806 0
2607 2807 0
2608 2808 0
2609 2809 2
2610 2810 0
2611 2811 2
2612 2812 0
2613 2813 0
2614 2814 0
2615 2815 0
2616 2816 0
2617 2817 0
2618 2818 0
2619 2819 0
2620 2820 0
2621 2821 0
2622 2822 1
2623 2823 1
2624 2824 1
2625 2825 9
2626 2826 1
2627 2827 4
2628 2828 1
2629 2829 0
2630 2830 0
2631 2831 6
2632 2832 5
2633 2833 0
2634 2834 0
2635 2835 6
2636 2836 0
2637 2837 0
2638 2838 0
2639 2839 0
2640 2840 0
2641 2841 10
2642 2842 1
2643 2843 2
2644 2844 2
2645 2845 7
2646 2846 18
2647 2847 6
2648 2848 5
2649 2849 24
2650 2850 1
2651 2851 0
2652 2852 0
2653 2853 4
2654 2854 0
2655 2855 9
2656 2856 7
2657 2857 11
2658 2858 0
2659 2859 0
2660 2860 0
2661 2861 0
2662 2862 1
2663 2863 1
2664 2864 10
2665 2865 2
2666 2866 0
2667 2867 5
2668 2868 0
2669 2869 0
2670 2870 1
2671 2871 0
2672 2872 0
2673 2873 0
2674 2874 1
2675 2875 0
2676 2876 1
2677 2877 0
2678 2878 0
2679 2879 0
2680 2880 0
2681 2881 0
2682 2882 0
2683 2883 0
2684 2884 0
2685 2885 0
2686 2886 0
2687 2887 0
2688 2888 0
2689 2889 0
2690 2890 0
2691 2891 0
2692 2892 0
2693 2893 0
2694 2894 6
2695 2895 5
2696 2896 9
2697 2897 2
2698 2898 5
2699 2899 1
2700 2900 9
2701 2901 0
2702 2902 0
2703 2903 6
2704 2904 0
2705 2905 0
2706 2906 0
2707 2907 0
2708 2908 0
2709 2909 1
2710 2910 2
2711 2911 5
2712 2912 0
2713 2913 0
2714 2914 10
2715 2915 0
2716 2916 0
2717 2917 0
2718 2918 2
2719 2919 4
2720 2920 2
2721 2921 4
2722 2922 2
2723 2923 0
2724 2924 0
2725 2925 0
2726 2926 0
2727 2927 0
2728 2928 0
2729 2929 0
2730 2930 0
2731 2931 0
2732 2932 0
2733 2933 1
2734 2934 0
2735 2935 0
2736 2936 2
2737 2937 0
2738 2938 0
2739 2939 0
2740 2940 0
2741 2941 0
2742 2942 10
2743 2943 2
2744 2944 2
2745 2945 2
2746 2946 0
2747 2947 7
2748 2948 0
2749 2949 2
2750 2950 0
2751 2951 9
2752 2952 1
2753 2953 0
2754 2954 0
2755 2955 4
2756 2956 0
2757 2957 9
2758 2958 12
2759 2959 2
2760 2960 5
2761 2961 5
2762 2962 1
2763 2963 0
2764 2964 0
2765 2965 0
2766 2966 1
2767 2967 2
2768 2968 2
2769 2969 11
2770 2970 9
2771 2971 11
2772 2972 0
2773 2973 16
2774 2974 11
2775 2975 1
2776 2976 0
2777 2977 10
2778 2978 0
2779 2979 0
2780 2980 4
2781 2981 2
2782 2982 1
2783 2983 0
2784 2984 0
2785 2985 0
2786 2986 6
2787 2987 6
2788 2988 6
2789 2989 5
2790 2990 6
2791 2991 12
2792 2992 5
2793 2993 2
2794 2994 6
2795 2995 7
2796 2996 11
2797 2997 0
2798 2998 5
2799 2999 6
2800 3000 16
2801 3001 7
2802 3002 17
2803 3003 4
2804 3004 21
2805 3005 5
2806 3006 4
2807 3007 0
2808 3008 0
2809 3009 10
2810 3010 7
2811 3011 15
2812 3012 21
2813 3013 21
2814 3014 15
2815 3015 2
2816 3016 2
2817 3017 15
2818 3018 1
2819 3019 1
2820 3020 0
2821 3021 0
2822 3022 1
2823 3023 0
2824 3024 1
2825 3025 18
2826 3026 21
2827 3027 12
2828 3028 11
2829 3029 12
2830 3030 9
2831 3031 15
2832 3032 6
2833 3033 0
2834 3034 0
2835 3035 0
2836 3036 0
2837 3037 2
2838 3038 0
2839 3039 0
2840 3040 2
2841 3041 0
2842 3042 0
2843 3043 1
2844 3044 2
2845 3045 0
2846 3046 0
2847 3047 0
2848 3048 0
2849 3049 0
2850 3050 1
2851 3051 0
2852 3052 0
2853 3053 0
2854 3054 0
2855 3055 0
2856 3056 0
2857 3057 0
2858 3058 9
2859 3059 5
2860 3060 0
2861 3061 0
2862 3062 1
2863 3063 6
2864 3064 0
2865 3065 0
2866 3066 0
2867 3067 0
2868 3068 0
2869 3069 0
2870 3070 0
2871 3071 0
2872 3072 0
2873 3073 0
2874 3074 0
2875 3075 0
2876 3076 0
2877 3077 0
2878 3078 0
2879 3079 0
2880 3080 0
2881 3081 0
2882 3082 5
2883 3083 0
2884 3084 0
2885 3085 9
2886 3086 0
2887 3087 0
2888 3088 0
2889 3089 0
2890 3090 0
2891 3091 0
2892 3092 0
2893 3093 0
2894 3094 0
2895 3095 0
2896 3096 0
2897 3097 0
2898 3098 0
2899 3099 0
2900 3100 0
2901 3101 0
2902 3102 1
2903 3103 6
2904 3104 1
2905 3105 0
2906 3106 0
2907 3107 0
2908 3108 0
2909 3109 6
2910 3110 0
2911 3111 10
2912 3112 7
2913 3113 12
2914 3114 2
2915 3115 6
2916 3116 1
2917 3117 0
2918 3118 2
2919 3119 0
2920 3120 0
2921 3121 0
2922 3122 5
2923 3123 7
2924 3124 0
2925 3125 0
2926 3126 0
2927 3127 0
2928 3128 2
2929 3129 0
2930 3130 0
2931 3131 0
2932 3132 0
2933 3133 6
2934 3134 0
2935 3135 0
2936 3136 0
2937 3137 0
2938 3138 0
2939 3139 0
2940 3140 5
2941 3141 1
2942 3142 0
2943 3143 0
2944 3144 0
2945 3145 0
2946 3146 0
2947 3147 0
2948 3148 0
2949 3149 0
2950 3150 0
2951 3151 0
2952 3152 5
2953 3153 0
2954 3154 0
2955 3155 0
2956 3156 0
2957 3157 0
2958 3158 0
2959 3159 0
2960 3160 0
2961 3161 0
2962 3162 0
2963 3163 0
2964 3164 0
2965 3165 0
2966 3166 16
2967 3167 9
2968 3168 13
2969 3169 16
2970 3170 0
2971 3171 0
2972 3172 9
2973 3173 9
2974 3174 11
2975 3175 0
2976 3176 27
2977 3177 11
2978 3178 2
2979 3179 0
2980 3180 0
2981 3181 0
2982 3182 0
2983 3183 4
2984 3184 17
2985 3185 31
2986 3186 2
2987 3187 5
2988 3188 5
2989 3189 12
2990 3190 15
2991 3191 20
2992 3192 12
2993 3193 23
2994 3194 0
2995 3195 10
2996 3196 0
2997 3197 1
2998 3198 0
2999 3199 7
3000 3200 23
3001 3201 13
3002 3202 11
3003 3203 18
3004 3204 0
3005 3205 0
3006 3206 0
3007 3207 0
3008 3208 1
3009 3209 0
3010 3210 0
3011 3211 0
3012 3212 1
3013 3213 0
3014 3214 0
3015 3215 0
3016 3216 0
3017 3217 0
3018 3218 0
3019 3219 0
3020 3220 1
3021 3221 0
3022 3222 0
3023 3223 0
3024 3224 7
3025 3225 1
3026 3226 0
3027 3227 0
3028 3228 4
3029 3229 0
3030 3230 5
3031 3231 0
3032 3232 6
3033 3233 6
3034 3234 4
3035 3235 1
3036 3236 0
3037 3237 0
3038 3238 0
3039 3239 0
3040 3240 7
3041 3241 0
3042 3242 0
3043 3243 0
3044 3244 4
3045 3245 0
3046 3246 2
3047 3247 11
3048 3248 5
3049 3249 10
3050 3250 10
3051 3251 29
3052 3252 11
3053 3253 15
3054 3254 5
3055 3255 7
3056 3256 4
3057 3257 2
3058 3258 2
3059 3259 1
3060 3260 0
3061 3261 0
3062 3262 6
3063 3263 4
3064 3264 9
3065 3265 5
3066 3266 1
3067 3267 2
3068 3268 4
3069 3269 10
3070 3270 10
3071 3271 15
3072 3272 0
3073 3273 1
3074 3274 2
3075 3275 31
3076 3276 24
3077 3277 0
3078 3278 9
3079 3279 0
3080 3280 1
3081 3281 17
3082 3282 32
3083 3283 23
3084 3284 16
3085 3285 4
3086 3286 7
3087 3287 20
3088 3288 13
3089 3289 24
3090 3290 1
3091 3291 1
3092 3292 0
3093 3293 0
3094 3294 0
3095 3295 0
3096 3296 4
3097 3297 4
3098 3298 0
3099 3299 0
3100 3300 0
3101 3301 0
3102 3302 1
3103 3303 0
3104 3304 0
3105 3305 0
3106 3306 0
3107 3307 0
3108 3308 0
3109 3309 0
3110 3310 0
3111 3311 0
3112 3312 1
3113 3313 4
3114 3314 11
3115 3315 16
3116 3316 18
3117 3317 21
3118 3318 11
3119 3319 17
3120 3320 16
3121 3321 23
3122 3322 31
3123 3323 18
3124 3324 17
3125 3325 15
3126 3326 11
3127 3327 17
3128 3328 16
3129 3329 18
3130 3330 16
3131 3331 17
3132 3332 16
3133 3333 11
3134 3334 11
3135 3335 15
3136 3336 17
3137 3337 22
3138 3338 20
3139 3339 16
3140 3340 26
3141 3341 17
3142 3342 21
3143 3343 16
3144 3344 12
3145 3345 13
3146 3346 1
3147 3347 23
3148 3348 17
3149 3349 10
3150 3350 18
3151 3351 18
3152 3352 36
3153 3353 18
3154 3354 24
3155 3355 29
3156 3356 24
3157 3357 7
3158 3358 2
3159 3359 6
3160 3360 2
3161 3361 0
3162 3362 9
3163 3363 0
3164 3364 0
3165 3365 0
3166 3366 4
3167 3367 4
3168 3368 0
3169 3369 1
3170 3370 1
3171 3371 0
3172 3372 0
3173 3373 0
3174 3374 2
3175 3375 2
3176 3376 0
3177 3377 0
3178 3378 0
3179 3379 0
3180 3380 0
3181 3381 0
3182 3382 0
3183 3383 0
3184 3384 0
3185 3385 0
3186 3386 0
3187 3387 5
3188 3388 0
3189 3389 0
3190 3390 0
3191 3391 1
3192 3392 0
3193 3393 0
3194 3394 0
3195 3395 7
3196 3396 2
3197 3397 9
3198 3398 4
3199 3399 5
3200 3400 9
3201 3401 11
3202 3402 7
3203 3403 0
3204 3404 5
3205 3405 9
3206 3406 6
3207 3407 0
3208 3408 7
3209 3409 5
3210 3410 6
3211 3411 10
3212 3412 10
3213 3413 9
3214 3414 6
3215 3415 15
3216 3416 20
3217 3417 1
3218 3418 1
3219 3419 24
3220 3420 2
3221 3421 2
3222 3422 1
3223 3423 1
3224 3424 4
3225 3425 2
3226 3426 6
3227 3427 0
3228 3428 2
3229 3429 0
3230 3430 2
3231 3431 2
3232 3432 2
3233 3433 1
3234 3434 2
3235 3435 0
3236 3436 13
3237 3437 10
3238 3438 0
3239 3439 4
3240 3440 7
3241 3441 5
3242 3442 11
3243 3443 5
3244 3444 13
3245 3445 9
3246 3446 11
3247 3447 16
3248 3448 9
3249 3449 9
3250 3450 4
3251 3451 0
3252 3452 0
3253 3453 0
3254 3454 1
3255 3455 0
3256 3456 0
3257 3457 0
3258 3458 0
3259 3459 0
3260 3460 1
3261 3461 6
3262 3462 0
3263 3463 0
3264 3464 0
3265 3465 9
3266 3466 0
3267 3467 1
3268 3468 1
3269 3469 9
3270 3470 0
3271 3471 0
3272 3472 0
3273 3473 2
3274 3474 11
3275 3475 0
3276 3476 5
3277 3477 0
3278 3478 6
3279 3479 7
3280 3480 5
3281 3481 0
3282 3482 0
3283 3483 9
3284 3484 6
3285 3485 0
3286 3486 0
3287 3487 17
3288 3488 13
3289 3489 0
3290 3490 0
3291 3491 4
3292 3492 0
3293 3493 1
3294 3494 10
3295 3495 7
3296 3496 0
3297 3497 0
3298 3498 1
3299 3499 6
3300 3500 2
3301 3501 11
3302 3502 0
3303 3503 0
3304 3504 0
3305 3505 0
3306 3506 0
3307 3507 0
3308 3508 0
3309 3509 5
3310 3510 0
3311 3511 0
3312 3512 1
3313 3513 0
3314 3514 0
3315 3515 1
3316 3516 1
3317 3517 1
3318 3518 1
3319 3519 6
3320 3520 0
3321 3521 16
3322 3522 1
3323 3523 0
3324 3524 13
3325 3525 0
3326 3526 5
3327 3527 4
3328 3528 7
3329 3529 5
3330 3530 10
3331 3531 5
3332 3532 1
3333 3533 2
3334 3534 0
3335 3535 11
3336 3536 20
3337 3537 15
3338 3538 16
3339 3539 22
3340 3540 9
3341 3541 11
3342 3542 17
3343 3543 24
3344 3544 13
3345 3545 21
3346 3546 33
3347 3547 16
3348 3548 24
3349 3549 7
3350 3550 6
3351 3551 7
3352 3552 17
3353 3553 4
3354 3554 6
3355 3555 6
3356 3556 1
3357 3557 12
3358 3558 5
3359 3559 0
3360 3560 1
3361 3561 12
3362 3562 16
3363 3563 9
3364 3564 10
3365 3565 1
3366 3566 1
3367 3567 7
3368 3568 4
3369 3569 5
3370 3570 4
3371 3571 4
3372 3572 6
3373 3573 5
3374 3574 6
3375 3575 5
3376 3576 6
3377 3577 2
3378 3578 4
3379 3579 4
3380 3580 4
3381 3581 1
3382 3582 2
3383 3583 6
3384 3584 10
3385 3585 6
3386 3586 7
3387 3587 4
3388 3588 15
3389 3589 11
3390 3590 5
3391 3591 5
3392 3592 4
3393 3593 4
3394 3594 2
3395 3595 11
3396 3596 15
3397 3597 20
3398 3598 13
3399 3599 4
3400 3600 13
3401 3601 12
3402 3602 9
3403 3603 5
3404 3604 7
3405 3605 4
3406 3606 5
3407 3607 0
3408 3608 16
3409 3609 11
3410 3610 12
3411 3611 5
3412 3612 22
3413 3613 21
3414 3614 42
3415 3615 37
3416 3616 36
3417 3617 28
3418 3618 40
3419 3619 26
3420 3620 24
3421 3621 9
3422 3622 15
3423 3623 20
3424 3624 21
3425 3625 26
3426 3626 7
3427 3627 26
3428 3628 24
3429 3629 10
3430 3630 15
3431 3631 15
3432 3632 38
3433 3633 47
3434 3634 70
3435 3635 18
3436 3636 21
3437 3637 21
3438 3638 29
3439 3639 17
3440 3640 18
3441 3641 9
3442 3642 7
3443 3643 9
3444 3644 0
3445 3645 23
3446 3646 28
3447 3647 21
3448 3648 16
3449 3649 13
3450 3650 12
3451 3651 21
3452 3652 23
3453 3653 7
3454 3654 17
3455 3655 20
3456 3656 22
3457 3657 24
3458 3658 26
3459 3659 42
3460 3660 43
3461 3661 31
3462 3662 50
3463 3663 31
3464 3664 33
3465 3665 32
3466 3666 45
3467 3667 16
3468 3668 13
3469 3669 7
3470 3670 2
3471 3671 4
3472 3672 2
3473 3673 1
3474 3674 2
3475 3675 1
3476 3676 0
3477 3677 0
3478 3678 0
3479 3679 6
3480 3680 7
3481 3681 0
3482 3682 16
3483 3683 10
3484 3684 0
3485 3685 16
3486 3686 0
3487 3687 0
3488 3688 1
3489 3689 4
3490 3690 5
3491 3691 12
3492 3692 15
3493 3693 2
3494 3694 2
3495 3695 1
3496 3696 5
3497 3697 20
3498 3698 28
3499 3699 13
3500 3700 0
3501 3701 9
3502 3702 9
3503 3703 6
3504 3704 5
3505 3705 20
3506 3706 20
3507 3707 15
3508 3708 4
3509 3709 11
3510 3710 0
3511 3711 7
3512 3712 11
3513 3713 13
3514 3714 10
3515 3715 11
3516 3716 12
3517 3717 11
3518 3718 2
3519 3719 6
3520 3720 10
3521 3721 20
3522 3722 31
3523 3723 17
3524 3724 12
3525 3725 18
3526 3726 17
3527 3727 9
3528 3728 10
3529 3729 13
3530 3730 12
3531 3731 21
3532 3732 15
3533 3733 9
3534 3734 9
3535 3735 2
3536 3736 4
3537 3737 9
3538 3738 9
3539 3739 5
3540 3740 7
3541 3741 4
3542 3742 12
3543 3743 5
3544 3744 12
3545 3745 20
3546 3746 26
3547 3747 13
3548 3748 13
3549 3749 7
3550 3750 9
3551 3751 10
3552 3752 9
3553 3753 11
3554 3754 11
3555 3755 12
3556 3756 5
3557 3757 5
3558 3758 11
3559 3759 10
3560 3760 17
3561 3761 13
3562 3762 5
3563 3763 15
3564 3764 15
3565 3765 13
3566 3766 15
3567 3767 6
3568 3768 7
3569 3769 12
3570 3770 12
3571 3771 5
3572 3772 6
3573 3773 10
3574 3774 13
3575 3775 10
3576 3776 18
3577 3777 0
3578 3778 7
3579 3779 13
3580 3780 4
3581 3781 4
3582 3782 6
3583 3783 11
3584 3784 12
3585 3785 16
3586 3786 10
3587 3787 15
3588 3788 0
3589 3789 10
3590 3790 5
3591 3791 5
3592 3792 6
3593 3793 6
3594 3794 0
3595 3795 0
3596 3796 5
3597 3797 6
3598 3798 10
3599 3799 2
3600 3800 7
3601 3801 11
3602 3802 9
3603 3803 16
3604 3804 2
3605 3805 9
3606 3806 0
3607 3807 1
3608 3808 2
3609 3809 0
3610 3810 10
3611 3811 0
3612 3812 7
3613 3813 4
3614 3814 5
3615 3815 4
3616 3816 0
3617 3817 5
3618 3818 0
3619 3819 0
3620 3820 5
3621 3821 2
3622 3822 0
3623 3823 0
3624 3824 6
3625 3825 4
3626 3826 0
3627 3827 0
3628 3828 0
3629 3829 7
3630 3830 4
3631 3831 0
3632 3832 0
3633 3833 0
3634 3834 4
3635 3835 1
3636 3836 0
3637 3837 4
3638 3838 0
3639 3839 0
3640 3840 0
3641 3841 0
3642 3842 0
3643 3843 11
3644 3844 16
3645 3845 6
3646 3846 2
3647 3847 0
3648 3848 0
3649 3849 0
3650 3850 2
3651 3851 0
3652 3852 0
3653 3853 0
3654 3854 0
3655 3855 6
3656 3856 0
3657 3857 0
3658 3858 1
3659 3859 0
3660 3860 0
3661 3861 0
3662 3862 11
3663 3863 20
3664 3864 15
3665 3865 11
3666 3866 10
3667 3867 16
3668 3868 17
3669 3869 5
3670 3870 17
3671 3871 15
3672 3872 17
3673 3873 12
3674 3874 7
3675 3875 7
3676 3876 12
3677 3877 6
3678 3878 17
3679 3879 7
3680 3880 0
3681 3881 13
3682 3882 5
3683 3883 12
3684 3884 9
3685 3885 9
3686 3886 5
3687 3887 0
3688 3888 4
3689 3889 11
3690 3890 11
3691 3891 12
3692 3892 13
3693 3893 7
3694 3894 9
3695 3895 17
3696 3896 16
3697 3897 16
3698 3898 18
3699 3899 15
3700 3900 18
3701 3901 16
3702 3902 18
3703 3903 9
3704 3904 13
3705 3905 9
3706 3906 12
3707 3907 13
3708 3908 13
3709 3909 17
3710 3910 4
3711 3911 4
3712 3912 26
3713 3913 13
3714 3914 16
3715 3915 10
3716 3916 13
3717 3917 4
3718 3918 27
3719 3919 13
3720 3920 4
3721 3921 10
3722 3922 6
3723 3923 13
3724 3924 6
3725 3925 2
3726 3926 0
3727 3927 2
3728 3928 13
3729 3929 6
3730 3930 16
3731 3931 13
3732 3932 17
3733 3933 2
3734 3934 1
3735 3935 4
3736 3936 4
3737 3937 2
3738 3938 7
3739 3939 5
3740 3940 5
3741 3941 2
3742 3942 0
3743 3943 0
3744 3944 5
3745 3945 0
3746 3946 0
3747 3947 2
3748 3948 0
3749 3949 0
3750 3950 0
3751 3951 6
3752 3952 0
3753 3953 4
3754 3954 6
3755 3955 0
3756 3956 0
3757 3957 0
3758 3958 0
3759 3959 4
3760 3960 2
3761 3961 1
3762 3962 4
3763 3963 6
3764 3964 2
3765 3965 2
3766 3966 7
3767 3967 4
3768 3968 4
3769 3969 5
3770 3970 6
3771 3971 0
3772 3972 0
3773 3973 0
3774 3974 0
3775 3975 2
3776 3976 6
3777 3977 0
3778 3978 0
3779 3979 0
3780 3980 0
3781 3981 0
3782 3982 0
3783 3983 0
3784 3984 0
3785 3985 0
3786 3986 0
3787 3987 0
3788 3988 0
3789 3989 5
3790 3990 2
3791 3991 0
3792 3992 4
3793 3993 1
3794 3994 0
3795 3995 0
3796 3996 1
3797 3997 0
3798 3998 4
3799 3999 6
3800 4000 17
3801 4001 2
3802 4002 6
3803 4003 6
3804 4004 10
3805 4005 5
3806 4006 6
3807 4007 12
3808 4008 5
3809 4009 12
3810 4010 18
3811 4011 10
3812 4012 13
3813 4013 17
3814 4014 11
3815 4015 1
3816 4016 16
3817 4017 10
3818 4018 6
3819 4019 6
3820 4020 7
3821 4021 13
3822 4022 10
3823 4023 0
3824 4024 0
3825 4025 0
3826 4026 0
3827 4027 0
3828 4028 0
3829 4029 0
3830 4030 0
3831 4031 0
3832 4032 0
3833 4033 0
3834 4034 0
3835 4035 0
3836 4036 0
3837 4037 0
3838 4038 2
3839 4039 0
3840 4040 0
3841 4041 0
3842 4042 0
3843 4043 0
3844 4044 0
3845 4045 0
3846 4046 5
3847 4047 5
3848 4048 7
3849 4049 0
3850 4050 0
3851 4051 0
3852 4052 0
3853 4053 0
3854 4054 0
3855 4055 0
3856 4056 0
3857 4057 0
3858 4058 0
3859 4059 0
3860 4060 0
3861 4061 9
3862 4062 1
3863 4063 0
3864 4064 0
3865 4065 0
3866 4066 1
3867 4067 5
3868 4068 0
3869 4069 0
3870 4070 5
3871 4071 0
3872 4072 0
3873 4073 0
3874 4074 0
3875 4075 0
3876 4076 0
3877 4077 0
3878 4078 0
3879 4079 0
3880 4080 0
3881 4081 0
3882 4082 7
3883 4083 0
3884 4084 0
3885 4085 0
3886 4086 0
3887 4087 6
3888 4088 9
3889 4089 11
3890 4090 11
3891 4091 11
3892 4092 10
3893 4093 7
3894 4094 15
3895 4095 6
3896 4096 15
3897 4097 15
3898 4098 18
3899 4099 21
3900 4100 6
3901 4101 6
3902 4102 7
3903 4103 18
3904 4104 4
3905 4105 7
3906 4106 6
3907 4107 2
3908 4108 21
3909 4109 12
3910 4110 7
3911 4111 9
3912 4112 11
3913 4113 0
3914 4114 4
3915 4115 12
3916 4116 13
3917 4117 13
3918 4118 11
3919 4119 10
3920 4120 1
3921 4121 0
3922 4122 0
3923 4123 1
3924 4124 5
3925 4125 0
3926 4126 1
3927 4127 4
3928 4128 11
3929 4129 13
3930 4130 9
3931 4131 10
3932 4132 6
3933 4133 1
3934 4134 11
3935 4135 13
3936 4136 9
3937 4137 1
3938 4138 13
3939 4139 0
3940 4140 11
3941 4141 0
3942 4142 0
3943 4143 0
3944 4144 5
3945 4145 0
3946 4146 0
3947 4147 0
3948 4148 0
3949 4149 0
3950 4150 0
3951 4151 0
3952 4152 5
3953 4153 0
3954 4154 0
3955 4155 2
3956 4156 2
3957 4157 2
3958 4158 0
3959 4159 9
3960 4160 6
3961 4161 1
3962 4162 6
3963 4163 4
3964 4164 4
3965 4165 10
3966 4166 4
3967 4167 7
3968 4168 1
3969 4169 4
3970 4170 0
3971 4171 7
3972 4172 1
3973 4173 0
3974 4174 10
3975 4175 2
3976 4176 2
3977 4177 5
3978 4178 0
3979 4179 0
3980 4180 9
3981 4181 5
3982 4182 7
3983 4183 6
3984 4184 11
3985 4185 7
3986 4186 0
3987 4187 0
3988 4188 5
3989 4189 1
3990 4190 6
3991 4191 6
3992 4192 5
3993 4193 5
3994 4194 7
3995 4195 4
3996 4196 7
3997 4197 7
3998 4198 0
3999 4199 0
4000 4200 0
4001 4201 5
4002 4202 5
4003 4203 0
4004 4204 2
4005 4205 7
4006 4206 5
4007 4207 10
4008 4208 0
4009 4209 9
4010 4210 2
4011 4211 7
4012 4212 5
4013 4213 7
4014 4214 0
4015 4215 5
4016 4216 7
4017 4217 2
4018 4218 10
4019 4219 11
4020 4220 5
4021 4221 0
4022 4222 10
4023 4223 2
4024 4224 4
4025 4225 2
4026 4226 6
4027 4227 10
4028 4228 6
4029 4229 10
4030 4230 6
4031 4231 6
4032 4232 9
4033 4233 6
4034 4234 7
4035 4235 0
4036 4236 7
4037 4237 7
4038 4238 6
4039 4239 4
4040 4240 4
4041 4241 5
4042 4242 5
4043 4243 0
4044 4244 0
4045 4245 0
4046 4246 5
4047 4247 0
4048 4248 5
4049 4249 5
4050 4250 0
4051 4251 2
4052 4252 9
4053 4253 5
4054 4254 9
4055 4255 6
4056 4256 5
4057 4257 10
4058 4258 4
4059 4259 5
4060 4260 0
4061 4261 6
4062 4262 11
4063 4263 2
4064 4264 5
4065 4265 6
4066 4266 1
4067 4267 0
4068 4268 0
4069 4269 0
4070 4270 0
4071 4271 0
4072 4272 0
4073 4273 0
4074 4274 0
4075 4275 0
4076 4276 4
4077 4277 2
4078 4278 0
4079 4279 0
4080 4280 1
4081 4281 0
4082 4282 0
4083 4283 0
4084 4284 0
4085 4285 0
4086 4286 0
4087 4287 2
4088 4288 0
4089 4289 0
4090 4290 0
4091 4291 0
4092 4292 0
4093 4293 2
4094 4294 4
4095 4295 0
4096 4296 0
4097 4297 0
4098 4298 0
4099 4299 0
4100 4300 0
4101 4301 0
4102 4302 0
4103 4303 1
4104 4304 5
4105 4305 0
4106 4306 0
4107 4307 0
4108 4308 1
4109 4309 0
4110 4310 0
4111 4311 0
4112 4312 6
4113 4313 1
4114 4314 1
4115 4315 0
4116 4316 0
4117 4317 2
4118 4318 0
4119 4319 0
4120 4320 4
4121 4321 0
4122 4322 0
4123 4323 0
4124 4324 0
4125 4325 4
4126 4326 9
4127 4327 0
4128 4328 0
4129 4329 1
4130 4330 2
4131 4331 1
4132 4332 0
4133 4333 0
4134 4334 0
4135 4335 0
4136 4336 0
4137 4337 0
4138 4338 1
4139 4339 0
4140 4340 0
4141 4341 0
4142 4342 6
4143 4343 2
4144 4344 7
4145 4345 33
4146 4346 6
4147 4347 22
4148 4348 9
4149 4349 12
4150 4350 0
4151 4351 0
4152 4352 0
4153 4353 2
4154 4354 0
4155 4355 15
4156 4356 0
4157 4357 0
4158 4358 0
4159 4359 0
4160 4360 0
4161 4361 13
4162 4362 15
4163 4363 13
4164 4364 13
4165 4365 13
4166 4366 13
4167 4367 29
4168 4368 43
4169 4369 31
4170 4370 31
4171 4371 24
4172 4372 19
4173 4373 34
4174 4374 43
4175 4375 51
4176 4376 56
4177 4377 61
4178 4378 38
4179 4379 43
4180 4380 46
4181 4381 45
4182 4382 46
4183 4383 32
4184 4384 13
4185 4385 19
4186 4386 23
4187 4387 13
4188 4388 19
4189 4389 13
4190 4390 21
4191 4391 16
4192 4392 13
4193 4393 13
4194 4394 13
4195 4395 13
4196 4396 13
4197 4397 13
4198 4398 13
4199 4399 13
4200 4400 13
4201 4401 13
4202 4402 13
4203 4403 15
4204 4404 13
4205 4405 13
4206 4406 13
4207 4407 13
4208 4408 13
4209 4409 13
4210 4410 13
4211 4411 15
4212 4412 13
4213 4413 26
4214 4414 13
4215 4415 13
4216 4416 29
4217 4417 19
4218 4418 15
4219 4419 18
4220 4420 31
4221 4421 15
4222 4422 13
4223 4423 19
4224 4424 21
4225 4425 13
4226 4426 24
4227 4427 37
4228 4428 38
4229 4429 37
4230 4430 18
4231 4431 13
4232 4432 13
4233 4433 13
4234 4434 18
4235 4435 13
4236 4436 16
4237 4437 13
4238 4438 13
4239 4439 13
4240 4440 13
4241 4441 13
4242 4442 13
4243 4443 13
4244 4444 13
4245 4445 13
4246 4446 13
4247 4447 13
4248 4448 15
4249 4449 13
4250 4450 21
4251 4451 13
4252 4452 13
4253 4453 13
4254 4454 13
4255 4455 13
4256 4456 19
4257 4457 13
4258 4458 13
4259 4459 13
4260 4460 13
4261 4461 13
4262 4462 13
4263 4463 13
4264 4464 13
4265 4465 13
4266 4466 13
4267 4467 13
4268 4468 13
4269 4469 13
4270 4470 13
4271 4471 13
4272 4472 13
4273 4473 13
4274 4474 18
4275 4475 21
4276 4476 18
4277 4477 15
4278 4478 21
4279 4479 13
4280 4480 15
4281 4481 31
4282 4482 23
4283 4483 31
4284 4484 18
4285 4485 13
4286 4486 32
4287 4487 16
4288 4488 34
4289 4489 13
4290 4490 13
4291 4491 13
4292 4492 13
4293 4493 13
4294 4494 13
4295 4495 13
4296 4496 13
4297 4497 13
4298 4498 13
4299 4499 13
4300 4500 13
4301 4501 15
4302 4502 13
4303 4503 13
4304 4504 13
4305 4505 13
4306 4506 13
4307 4507 13
4308 4508 13
4309 4509 13
4310 4510 13
4311 4511 13
4312 4512 13
4313 4513 13
4314 4514 27
4315 4515 19
4316 4516 13
4317 4517 13
4318 4518 13
4319 4519 13
4320 4520 13
4321 4521 13
4322 4522 13
4323 4523 13
4324 4524 19
4325 4525 13
4326 4526 13
4327 4527 13
4328 4528 13
4329 4529 15
4330 4530 13
4331 4531 13
4332 4532 13
4333 4533 13
4334 4534 13
4335 4535 19
4336 4536 13
4337 4537 13
4338 4538 16
4339 4539 13
4340 4540 13
4341 4541 13
4342 4542 13
4343 4543 13
4344 4544 13
4345 4545 13
4346 4546 13
4347 4547 15
4348 4548 13
4349 4549 13
4350 4550 13
4351 4551 13
4352 4552 13
4353 4553 13
4354 4554 13
4355 4555 13
4356 4556 16
4357 4557 13
4358 4558 13
4359 4559 13
4360 4560 13
4361 4561 13
4362 4562 0
4363 4563 0
4364 4564 0
4365 4565 0
4366 4566 0
4367 4567 0
4368 4568 0
4369 4569 0
4370 4570 0
4371 4571 0
4372 4572 0
4373 4573 0
4374 4574 0
4375 4575 0
4376 4576 0
4377 4577 0
4378 4578 0
4379 4579 0
4380 4580 0
4381 4581 0
4382 4582 1
4383 4583 0
4384 4584 0
4385 4585 5
4386 4586 2
4387 4587 0
4388 4588 0
4389 4589 0
4390 4590 0
4391 4591 0
4392 4592 0
4393 4593 0
4394 4594 0
4395 4595 0
4396 4596 0
4397 4597 0
4398 4598 2
4399 4599 2
4400 4600 0
4401 4601 0
4402 4602 0
4403 4603 0
4404 4604 0
4405 4605 0
4406 4606 0
4407 4607 0
4408 4608 0
4409 4609 0
4410 4610 0
4411 4611 0
4412 4612 0
4413 4613 1
4414 4614 0
4415 4615 0
4416 4616 0
4417 4617 0
4418 4618 0
4419 4619 0
4420 4620 0
4421 4621 0
4422 4622 0
4423 4623 0
4424 4624 0
4425 4625 0
4426 4626 0
4427 4627 0
4428 4628 0
4429 4629 0
4430 4630 0
4431 4631 0
4432 4632 0
4433 4633 0
4434 4634 0
4435 4635 0
4436 4636 0
4437 4637 0
4438 4638 0
4439 4639 0
4440 4640 0
4441 4641 1
4442 4642 0
4443 4643 0
4444 4644 0
4445 4645 0
4446 4646 0
4447 4647 0
4448 4648 0
4449 4649 0
4450 4650 0
4451 4651 0
4452 4652 0
4453 4653 0
4454 4654 0
4455 4655 0
4456 4656 0
4457 4657 0
4458 4658 0
4459 4659 0
4460 4660 0
4461 4661 4
4462 4662 4
4463 4663 0
4464 4664 0
4465 4665 0
4466 4666 0
4467 4667 0
4468 4668 0
4469 4669 0
4470 4670 1
4471 4671 0
4472 4672 4
4473 4673 0
4474 4674 0
4475 4675 0
4476 4676 0
4477 4677 0
4478 4678 0
4479 4679 0
4480 4680 0
4481 4681 0
4482 4682 0
4483 4683 0
4484 4684 0
4485 4685 0
4486 4686 0
4487 4687 0
4488 4688 0
4489 4689 0
4490 4690 0
4491 4691 0
4492 4692 0
4493 4693 0
4494 4694 0
4495 4695 4
4496 4696 0
4497 4697 0
4498 4698 0
4499 4699 0
4500 4700 0
4501 4701 0
4502 4702 0
4503 4703 0
4504 4704 1
4505 4705 6
4506 4706 1
4507 4707 0
4508 4708 1
4509 4709 0
4510 4710 0
4511 4711 2
4512 4712 0
4513 4713 0
4514 4714 0
4515 4715 0
4516 4716 0
4517 4717 0
4518 4718 0
4519 4719 0
4520 4720 7
4521 4721 0
4522 4722 0
4523 4723 0
4524 4724 0
4525 4725 0
4526 4726 0
4527 4727 0
4528 4728 0
4529 4729 0
4530 4730 0
4531 4731 0
4532 4732 0
4533 4733 0
4534 4734 0
4535 4735 0
4536 4736 0
4537 4737 0
4538 4738 0
4539 4739 0
4540 4740 0
4541 4741 0
4542 4742 0
4543 4743 0
4544 4744 0
4545 4745 0
4546 4746 0
4547 4747 0
4548 4748 0
4549 4749 0
4550 4750 1
4551 4751 0
4552 4752 0
4553 4753 0
4554 4754 0
4555 4755 0
4556 4756 0
4557 4757 0
4558 4758 0
4559 4759 0
4560 4760 0
4561 4761 0
4562 4762 0
4563 4763 0
4564 4764 0
4565 4765 0
4566 4766 1
4567 4767 2
4568 4768 0
4569 4769 0
4570 4770 0
4571 4771 0
4572 4772 0
4573 4773 0
4574 4774 0
4575 4775 0
4576 4776 2
4577 4777 9
4578 4778 6
4579 4779 1
4580 4780 10
4581 4781 7
4582 4782 0
4583 4783 0
4584 4784 0
4585 4785 0
4586 4786 0
4587 4787 0
4588 4788 0
4589 4789 0
4590 4790 0
4591 4791 0
4592 4792 0
4593 4793 0
4594 4794 0
4595 4795 0
4596 4796 0
4597 4797 0
4598 4798 0
4599 4799 0
4600 4800 0
4601 4801 0
4602 4802 0
4603 4803 0
4604 4804 0
4605 4805 0
4606 4806 0
4607 4807 0
4608 4808 0
4609 4809 0
4610 4810 0
4611 4811 0
4612 4812 0
4613 4813 0
4614 4814 0
4615 4815 0
4616 4816 0
4617 4817 0
4618 4818 0
4619 4819 0
4620 4820 2
4621 4821 0
4622 4822 0
4623 4823 0
4624 4824 0
4625 4825 0
4626 4826 0
4627 4827 0
4628 4828 0
4629 4829 0
4630 4830 0
4631 4831 0
4632 4832 0
4633 4833 0
4634 4834 0
4635 4835 0
4636 4836 0
4637 4837 0
4638 4838 2
4639 4839 0
4640 4840 0
4641 4841 0
4642 4842 0
4643 4843 0
4644 4844 0
4645 4845 1
4646 4846 0
4647 4847 0
4648 4848 4
4649 4849 0
4650 4850 1
4651 4851 0
4652 4852 0
4653 4853 0
4654 4854 0
4655 4855 0
4656 4856 0
4657 4857 0
4658 4858 2
4659 4859 0
4660 4860 0
4661 4861 0
4662 4862 0
4663 4863 5
4664 4864 4
4665 4865 6
4666 4866 0
4667 4867 0
4668 4868 0
4669 4869 0
4670 4870 0
4671 4871 0
4672 4872 0
4673 4873 0
4674 4874 0
4675 4875 0
4676 4876 1
4677 4877 0
4678 4878 4
4679 4879 0
4680 4880 2
4681 4881 13
4682 4882 7
4683 4883 13
4684 4884 0
4685 4885 2
4686 4886 0
4687 4887 0
4688 4888 7
4689 4889 7
4690 4890 0
4691 4891 0
4692 4892 0
4693 4893 0
4694 4894 0
4695 4895 0
4696 4896 10
4697 4897 4
4698 4898 0
4699 4899 1
4700 4900 0
4701 4901 0
4702 4902 0
4703 4903 0
4704 4904 0
4705 4905 0
4706 4906 0
4707 4907 0
4708 4908 0
4709 4909 0
4710 4910 0
4711 4911 0
4712 4912 1
4713 4913 0
4714 4914 10
4715 4915 0
4716 4916 2
4717 4917 0
4718 4918 0
4719 4919 0
4720 4920 1
4721 4921 0
4722 4922 0
4723 4923 0
4724 4924 0
4725 4925 0
4726 4926 2
4727 4927 0
4728 4928 0
4729 4929 11
4730 4930 6
4731 4931 1
4732 4932 0
4733 4933 0
4734 4934 0
4735 4935 0
4736 4936 0
4737 4937 0
4738 4938 0
4739 4939 0
4740 4940 0
4741 4941 0
4742 4942 0
4743 4943 0
4744 4944 0
4745 4945 0
4746 4946 5
4747 4947 0
4748 4948 0
4749 4949 0
4750 4950 0
4751 4951 0
4752 4952 0
4753 4953 0
4754 4954 4
4755 4955 0
4756 4956 0
4757 4957 0
4758 4958 6
4759 4959 0
4760 4960 0
4761 4961 0
4762 4962 0
4763 4963 0
4764 4964 0
4765 4965 0
4766 4966 0
4767 4967 1
4768 4968 0
4769 4969 0
4770 4970 0
4771 4971 0
4772 4972 0
4773 4973 0
4774 4974 0
4775 4975 0
4776 4976 0
4777 4977 0
4778 4978 0
4779 4979 0
4780 4980 0
4781 4981 0
4782 4982 0
4783 4983 0
4784 4984 1
4785 4985 0
4786 4986 0
4787 4987 0
4788 4988 0
4789 4989 0
4790 4990 7
4791 4991 0
4792 4992 0
4793 4993 0
4794 4994 0
4795 4995 0
4796 4996 0
4797 4997 1
4798 4998 0
4799 4999 1
4800 5000 0
4801 5001 0
4802 5002 1
4803 5003 5
4804 5004 16
4805 5005 15
4806 5006 37
4807 5007 37
4808 5008 29
4809 5009 33
4810 5010 11
4811 5011 20
4812 5012 12
4813 5013 23
4814 5014 2
4815 5015 0
4816 5016 0
4817 5017 1
4818 5018 0
4819 5019 0
4820 5020 0
4821 5021 0
4822 5022 1
4823 5023 0
4824 5024 1
4825 5025 0
4826 5026 2
4827 5027 7
4828 5028 0
4829 5029 0
4830 5030 0
4831 5031 1
4832 5032 0
4833 5033 4
4834 5034 0
4835 5035 0
4836 5036 0
4837 5037 0
4838 5038 0
4839 5039 0
4840 5040 0
4841 5041 2
4842 5042 0
4843 5043 6
4844 5044 0
4845 5045 0
4846 5046 0
4847 5047 0
4848 5048 0
4849 5049 0
4850 5050 0
4851 5051 5
4852 5052 0
4853 5053 0
4854 5054 0
4855 5055 0
4856 5056 0
4857 5057 0
4858 5058 0
4859 5059 0
4860 5060 1
4861 5061 0
4862 5062 0
4863 5063 0
4864 5064 0
4865 5065 6
4866 5066 0
4867 5067 0
4868 5068 0
4869 5069 0
4870 5070 0
4871 5071 6
4872 5072 5
4873 5073 0
4874 5074 0
4875 5075 1
4876 5076 1
4877 5077 1
4878 5078 0
4879 5079 0
4880 5080 0
4881 5081 1
4882 5082 1
4883 5083 1
4884 5084 2
4885 5085 0
4886 5086 1
4887 5087 0
4888 5088 0
4889 5089 0
4890 5090 0
4891 5091 0
4892 5092 0
4893 5093 0
4894 5094 0
4895 5095 0
4896 5096 0
4897 5097 0
4898 5098 7
4899 5099 9
4900 5100 0
4901 5101 15
4902 5102 11
4903 5103 2
4904 5104 0
4905 5105 6
4906 5106 1
4907 5107 0
4908 5108 6
4909 5109 0
4910 5110 0
4911 5111 0
4912 5112 6
4913 5113 5
4914 5114 10
4915 5115 6
4916 5116 0
4917 5117 4
4918 5118 5
4919 5119 2
4920 5120 0
4921 5121 0
4922 5122 0
4923 5123 0
4924 5124 0
4925 5125 0
4926 5126 2
4927 5127 12
4928 5128 0
4929 5129 0
4930 5130 0
4931 5131 0
4932 5132 0
4933 5133 0
4934 5134 0
4935 5135 0
4936 5136 2
4937 5137 0
4938 5138 0
4939 5139 0
4940 5140 1
4941 5141 5
4942 5142 0
4943 5143 0
4944 5144 0
4945 5145 2
4946 5146 0
4947 5147 0
4948 5148 2
4949 5149 0
4950 5150 4
4951 5151 0
4952 5152 0
4953 5153 0
4954 5154 0
4955 5155 0
4956 5156 6
4957 5157 0
4958 5158 0
4959 5159 0
4960 5160 0
4961 5161 0
4962 5162 0
4963 5163 2
4964 5164 0
4965 5165 0
4966 5166 0
4967 5167 0
4968 5168 0
4969 5169 0
4970 5170 0
4971 5171 0
4972 5172 0
4973 5173 0
4974 5174 0
4975 5175 0
4976 5176 0
4977 5177 0
4978 5178 0
4979 5179 0
4980 5180 0
4981 5181 0
4982 5182 0
4983 5183 0
4984 5184 0
4985 5185 0
4986 5186 0
4987 5187 0
4988 5188 0
4989 5189 0
4990 5190 0
4991 5191 0
4992 5192 0
4993 5193 6
4994 5194 0
4995 5195 1
4996 5196 1
4997 5197 0
4998 5198 0
4999 5199 0
5000 5200 11
5001 5201 1
5002 5202 0
5003 5203 0
5004 5204 0
5005 5205 0
5006 5206 0
5007 5207 0
5008 5208 0
5009 5209 0
5010 5210 0
5011 5211 4
5012 5212 2
5013 5213 1
5014 5214 6
5015 5215 0
5016 5216 0
5017 5217 0
5018 5218 11
5019 5219 2
5020 5220 6
5021 5221 0
5022 5222 2
5023 5223 0
5024 5224 6
5025 5225 0
5026 5226 10
5027 5227 0
5028 5228 0
5029 5229 4
5030 5230 12
5031 5231 2
5032 5232 4
5033 5233 6
5034 5234 2
5035 5235 5
5036 5236 5
5037 5237 11
5038 5238 10
5039 5239 5
5040 5240 4
5041 5241 5
5042 5242 4
5043 5243 4
5044 5244 6
5045 5245 6
5046 5246 6
5047 5247 13
5048 5248 10
5049 5249 7
5050 5250 1
5051 5251 0
5052 5252 11
5053 5253 0
5054 5254 10
5055 5255 9
5056 5256 7
5057 5257 10
5058 5258 11
5059 5259 9
5060 5260 6
5061 5261 12
5062 5262 9
5063 5263 5
5064 5264 9
5065 5265 7
5066 5266 4
5067 5267 4
5068 5268 0
5069 5269 2
5070 5270 2
5071 5271 13
5072 5272 10
5073 5273 0
5074 5274 0
5075 5275 7
5076 5276 7
5077 5277 13
5078 5278 0
5079 5279 2
5080 5280 0
5081 5281 2
5082 5282 0
5083 5283 1
5084 5284 1
5085 5285 0
5086 5286 6
5087 5287 11
5088 5288 0
5089 5289 5
5090 5290 5
5091 5291 7
5092 5292 2
5093 5293 2
5094 5294 0
5095 5295 0
5096 5296 7
5097 5297 10
5098 5298 11
5099 5299 13
5100 5300 0
5101 5301 0
5102 5302 0
5103 5303 0
5104 5304 0
5105 5305 1
5106 5306 0
5107 5307 0
5108 5308 5
5109 5309 12
5110 5310 4
5111 5311 0
5112 5312 9
5113 5313 15
5114 5314 0
5115 5315 2
5116 5316 0
5117 5317 0
5118 5318 0
5119 5319 0
5120 5320 0
5121 5321 0
5122 5322 0
5123 5323 0
5124 5324 9
5125 5325 0
5126 5326 0
5127 5327 0
5128 5328 0
5129 5329 11
5130 5330 0
5131 5331 6
5132 5332 4
5133 5333 0
5134 5334 1
5135 5335 2
5136 5336 0
5137 5337 0
5138 5338 1
5139 5339 0
5140 5340 0
5141 5341 7
5142 5342 2
5143 5343 6
5144 5344 0
5145 5345 0
5146 5346 0
5147 5347 0
5148 5348 0
5149 5349 4
5150 5350 0
5151 5351 10
5152 5352 0
5153 5353 1
5154 5354 0
5155 5355 1
5156 5356 1
5157 5357 1
5158 5358 0
5159 5359 1
5160 5360 1
5161 5361 0
5162 5362 0
5163 5363 0
5164 5364 0
5165 5365 0
5166 5366 0
5167 5367 0
5168 5368 7
5169 5369 2
5170 5370 0
5171 5371 5
5172 5372 0
5173 5373 2
5174 5374 0
5175 5375 0
5176 5376 0
5177 5377 0
5178 5378 0
5179 5379 0
5180 5380 2
5181 5381 2
5182 5382 12
5183 5383 5
5184 5384 0
5185 5385 0
5186 5386 2
5187 5387 0
5188 5388 0
5189 5389 1
5190 5390 11
5191 5391 26
5192 5392 1
5193 5393 0
5194 5394 0
5195 5395 0
5196 5396 1
5197 5397 5
5198 5398 0
5199 5399 0
5200 5400 5
5201 5401 0
5202 5402 0
5203 5403 0
5204 5404 0
5205 5405 0
5206 5406 2
5207 5407 0
5208 5408 0
5209 5409 0
5210 5410 7
5211 5411 0
5212 5412 0
5213 5413 0
5214 5414 0
5215 5415 0
5216 5416 0
5217 5417 0
5218 5418 0
5219 5419 0
5220 5420 0
5221 5421 0
5222 5422 0
5223 5423 0
5224 5424 2
5225 5425 0
5226 5426 2
5227 5427 0
5228 5428 0
5229 5429 0
5230 5430 2
5231 5431 2
5232 5432 21
5233 5433 6
5234 5434 0
5235 5435 6
5236 5436 0
5237 5437 0
5238 5438 0
5239 5439 5
5240 5440 0
5241 5441 0
5242 5442 0
5243 5443 0
5244 5444 6
5245 5445 5
5246 5446 6
5247 5447 2
5248 5448 7
5249 5449 6
5250 5450 18
5251 5451 2
5252 5452 2
5253 5453 5
5254 5454 11
5255 5455 4
5256 5456 7
5257 5457 6
5258 5458 18
5259 5459 0
5260 5460 1
5261 5461 12
5262 5462 0
5263 5463 9
5264 5464 10
5265 5465 22
5266 5466 10
5267 5467 15
5268 5468 13
5269 5469 9
5270 5470 5
5271 5471 13
5272 5472 2
5273 5473 0
5274 5474 7
5275 5475 7
5276 5476 0
5277 5477 0
5278 5478 0
5279 5479 0
5280 5480 7
5281 5481 0
5282 5482 0
5283 5483 0
5284 5484 0
5285 5485 0
5286 5486 0
5287 5487 1
5288 5488 0
5289 5489 0
5290 5490 0
5291 5491 7
5292 5492 0
5293 5493 9
5294 5494 0
5295 5495 2
5296 5496 2
5297 5497 6
5298 5498 2
5299 5499 6
5300 5500 0
5301 5501 10
5302 5502 5
5303 5503 0
5304 5504 0
5305 5505 0
5306 5506 0
5307 5507 5
5308 5508 2
5309 5509 4
5310 5510 1
5311 5511 0
5312 5512 0
5313 5513 0
5314 5514 24
5315 5515 2
5316 5516 2
5317 5517 0
5318 5518 7
5319 5519 0
5320 5520 0
5321 5521 0
5322 5522 0
5323 5523 0
5324 5524 0
5325 5525 0
5326 5526 0
5327 5527 0
5328 5528 0
5329 5529 0
5330 5530 0
5331 5531 0
5332 5532 9
5333 5533 4
5334 5534 2
5335 5535 0
5336 5536 5
5337 5537 0
5338 5538 0
5339 5539 7
5340 5540 10
5341 5541 7
5342 5542 6
5343 5543 7
5344 5544 0
5345 5545 11
5346 5546 17
5347 5547 11
5348 5548 16
5349 5549 13
5350 5550 12
5351 5551 16
5352 5552 24
5353 5553 4
5354 5554 9
5355 5555 7
5356 5556 4
5357 5557 1
5358 5558 9
5359 5559 6
5360 5560 13
5361 5561 21
5362 5562 7
5363 5563 18
5364 5564 28
5365 5565 33
5366 5566 44
5367 5567 22
5368 5568 11
5369 5569 0
5370 5570 22
5371 5571 23
5372 5572 22
5373 5573 26
5374 5574 36
5375 5575 29
5376 5576 21
5377 5577 10
5378 5578 15
5379 5579 10
5380 5580 0
5381 5581 9
5382 5582 11
5383 5583 0
5384 5584 2
5385 5585 12
5386 5586 20
5387 5587 18
5388 5588 16
5389 5589 18
5390 5590 10
5391 5591 20
5392 5592 10
5393 5593 10
5394 5594 29
5395 5595 10
5396 5596 4
5397 5597 2
5398 5598 13
5399 5599 13
5400 5600 0
5401 5601 10
5402 5602 7
5403 5603 9
5404 5604 4
5405 5605 13
5406 5606 10
5407 5607 11
5408 5608 9
5409 5609 0
5410 5610 0
5411 5611 7
5412 5612 0
5413 5613 0
5414 5614 0
5415 5615 4
5416 5616 10
5417 5617 5
5418 5618 0
5419 5619 7
5420 5620 0
5421 5621 0
5422 5622 1
5423 5623 0
5424 5624 0
5425 5625 0
5426 5626 5
5427 5627 6
5428 5628 5
5429 5629 6
5430 5630 22
5431 5631 16
5432 5632 10
5433 5633 21
5434 5634 18
5435 5635 6
5436 5636 16
5437 5637 22
5438 5638 22
5439 5639 26
5440 5640 7
5441 5641 17
5442 5642 4
5443 5643 15
5444 5644 0
5445 5645 4
5446 5646 0
5447 5647 1
5448 5648 13
5449 5649 11
5450 5650 10
5451 5651 13
5452 5652 17
5453 5653 11
5454 5654 9
5455 5655 10
5456 5656 13
5457 5657 2
5458 5658 6
5459 5659 13
5460 5660 11
5461 5661 22
5462 5662 20
5463 5663 24
5464 5664 21
5465 5665 15
5466 5666 24
5467 5667 23
5468 5668 13
5469 5669 12
5470 5670 9
5471 5671 28
5472 5672 0
5473 5673 22
5474 5674 10
5475 5675 0
5476 5676 0
5477 5677 2
5478 5678 4
5479 5679 16
5480 5680 13
5481 5681 1
5482 5682 0
5483 5683 2
5484 5684 10
5485 5685 16
5486 5686 21
5487 5687 2
5488 5688 28
5489 5689 0
5490 5690 0
5491 5691 9
5492 5692 0
5493 5693 0
5494 5694 0
5495 5695 5
5496 5696 0
5497 5697 0
5498 5698 0
5499 5699 0
5500 5700 0
5501 5701 0
5502 5702 0
5503 5703 0
5504 5704 0
5505 5705 0
5506 5706 0
5507 5707 0
5508 5708 0
5509 5709 0
5510 5710 0
5511 5711 0
5512 5712 0
5513 5713 0
5514 5714 0
5515 5715 0
5516 5716 0
5517 5717 0
5518 5718 0
5519 5719 0
5520 5720 0
5521 5721 0
5522 5722 0
5523 5723 0
5524 5724 0
5525 5725 0
5526 5726 0
5527 5727 0
5528 5728 0
5529 5729 0
5530 5730 0
5531 5731 0
5532 5732 0
5533 5733 0
5534 5734 0
5535 5735 0
5536 5736 2
5537 5737 0
5538 5738 0
5539 5739 0
5540 5740 0
5541 5741 0
5542 5742 0
5543 5743 0
5544 5744 0
5545 5745 0
5546 5746 0
5547 5747 0
5548 5748 0
5549 5749 0
5550 5750 0
5551 5751 0
5552 5752 0
5553 5753 0
5554 5754 0
5555 5755 0
5556 5756 0
5557 5757 5
5558 5758 0
5559 5759 0
5560 5760 0
5561 5761 0
5562 5762 5
5563 5763 0
5564 5764 2
5565 5765 0
5566 5766 6
5567 5767 0
5568 5768 0
5569 5769 6
5570 5770 5
5571 5771 0
5572 5772 0
5573 5773 0
5574 5774 0
5575 5775 0
5576 5776 0
5577 5777 0
5578 5778 6
5579 5779 0
5580 5780 0
5581 5781 0
5582 5782 0
5583 5783 0
5584 5784 0
5585 5785 0
5586 5786 0
5587 5787 0
5588 5788 0
5589 5789 0
5590 5790 0
5591 5791 5
5592 5792 0
5593 5793 1
5594 5794 0
5595 5795 0
5596 5796 0
5597 5797 6
5598 5798 7
5599 5799 0
5600 5800 0
5601 5801 1
5602 5802 0
5603 5803 2
5604 5804 0
5605 5805 0
5606 5806 0
5607 5807 4
5608 5808 0
5609 5809 1
5610 5810 0
5611 5811 0
5612 5812 0
5613 5813 0
5614 5814 0
5615 5815 0
5616 5816 0
5617 5817 0
5618 5818 0
5619 5819 0
5620 5820 0
5621 5821 0
5622 5822 0
5623 5823 0
5624 5824 0
5625 5825 0
5626 5826 1
5627 5827 0
5628 5828 0
5629 5829 0
5630 5830 0
5631 5831 0
5632 5832 0
5633 5833 0
5634 5834 0
5635 5835 0
5636 5836 0
5637 5837 0
5638 5838 7
5639 5839 10
5640 5840 11
5641 5841 0
5642 5842 0
5643 5843 5
5644 5844 0
5645 5845 0
5646 5846 0
5647 5847 0
5648 5848 0
5649 5849 0
5650 5850 0
5651 5851 0
5652 5852 0
5653 5853 0
5654 5854 0
5655 5855 0
5656 5856 6
5657 5857 5
5658 5858 5
5659 5859 7
5660 5860 9
5661 5861 6
5662 5862 11
5663 5863 5
5664 5864 0
5665 5865 0
5666 5866 0
5667 5867 5
5668 5868 0
5669 5869 0
5670 5870 0
5671 5871 0
5672 5872 0
5673 5873 0
5674 5874 0
5675 5875 0
5676 5876 0
5677 5877 0
5678 5878 0
5679 5879 0
5680 5880 0
5681 5881 0
5682 5882 0
5683 5883 0
5684 5884 0
5685 5885 0
5686 5886 1
5687 5887 2
5688 5888 0
5689 5889 0
5690 5890 0
5691 5891 0
5692 5892 0
5693 5893 0
5694 5894 0
5695 5895 0
5696 5896 0
5697 5897 0
5698 5898 0
5699 5899 0
5700 5900 0
5701 5901 0
5702 5902 0
5703 5903 0
5704 5904 0
5705 5905 1
5706 5906 7
5707 5907 6
5708 5908 0
5709 5909 0
5710 5910 0
5711 5911 0
5712 5912 0
5713 5913 0
5714 5914 0
5715 5915 0
5716 5916 0
5717 5917 0
5718 5918 0
5719 5919 0
5720 5920 0
5721 5921 0
5722 5922 0
5723 5923 0
5724 5924 0
5725 5925 0
5726 5926 0
5727 5927 0
5728 5928 0
5729 5929 0
5730 5930 7
5731 5931 6
5732 5932 7
5733 5933 9
5734 5934 15
5735 5935 0
5736 5936 0
5737 5937 0
5738 5938 0
5739 5939 0
5740 5940 0
5741 5941 0
5742 5942 0
5743 5943 0
5744 5944 0
5745 5945 5
5746 5946 7
5747 5947 13
5748 5948 5
5749 5949 0
5750 5950 0
5751 5951 0
5752 5952 4
5753 5953 5
5754 5954 5
5755 5955 7
5756 5956 5
5757 5957 6
5758 5958 0
5759 5959 7
5760 5960 0
5761 5961 1
5762 5962 4
5763 5963 13
5764 5964 4
5765 5965 4
5766 5966 0
5767 5967 0
5768 5968 0
5769 5969 0
5770 5970 0
5771 5971 1
5772 5972 12
5773 5973 10
5774 5974 5
5775 5975 4
5776 5976 0
5777 5977 0
5778 5978 5
5779 5979 0
5780 5980 0
5781 5981 0
5782 5982 0
5783 5983 0
5784 5984 0
5785 5985 9
5786 5986 5
5787 5987 5
5788 5988 5
5789 5989 0
5790 5990 0
5791 5991 0
5792 5992 0
5793 5993 0
5794 5994 5
5795 5995 12
5796 5996 1
5797 5997 0
5798 5998 5
5799 5999 5
5800 6000 6
5801 6001 9
5802 6002 0
5803 6003 0
5804 6004 0
5805 6005 0
5806 6006 0
5807 6007 6
5808 6008 1
5809 6009 5
5810 6010 4
5811 6011 4
5812 6012 0
5813 6013 2
5814 6014 0
5815 6015 5
5816 6016 0
5817 6017 0
5818 6018 0
5819 6019 0
5820 6020 0
5821 6021 0
5822 6022 9
5823 6023 4
5824 6024 0
5825 6025 2
5826 6026 10
5827 6027 5
5828 6028 18
5829 6029 24
5830 6030 9
5831 6031 1
5832 6032 0
5833 6033 0
5834 6034 7
5835 6035 1
5836 6036 0
5837 6037 0
5838 6038 0
5839 6039 5
5840 6040 5
5841 6041 0
5842 6042 9
5843 6043 10
5844 6044 12
5845 6045 13
5846 6046 0
5847 6047 0
5848 6048 0
5849 6049 1
5850 6050 7
5851 6051 0
5852 6052 0
5853 6053 0
5854 6054 4
5855 6055 0
5856 6056 0
5857 6057 0
5858 6058 1
5859 6059 11
5860 6060 0
5861 6061 13
5862 6062 6
5863 6063 0
5864 6064 2
5865 6065 0
5866 6066 5
5867 6067 11
5868 6068 4
5869 6069 0
5870 6070 1
5871 6071 0
5872 6072 0
5873 6073 0
5874 6074 0
5875 6075 0
5876 6076 0
5877 6077 0
5878 6078 0
5879 6079 0
5880 6080 0
5881 6081 0
5882 6082 0
5883 6083 0
5884 6084 0
5885 6085 1
5886 6086 0
5887 6087 0
5888 6088 5
5889 6089 0
5890 6090 0
5891 6091 0
5892 6092 0
5893 6093 17
5894 6094 5
5895 6095 2
5896 6096 2
5897 6097 0
5898 6098 0
5899 6099 0
5900 6100 4
5901 6101 24
5902 6102 17
5903 6103 6
5904 6104 1
5905 6105 0
5906 6106 10
5907 6107 7
5908 6108 6
5909 6109 1
5910 6110 0
5911 6111 0
5912 6112 2
5913 6113 0
5914 6114 0
5915 6115 0
5916 6116 12
5917 6117 0
5918 6118 13
5919 6119 31
5920 6120 36
5921 6121 17
5922 6122 11
5923 6123 24
5924 6124 16
5925 6125 0
5926 6126 0
5927 6127 7
5928 6128 0
5929 6129 0
5930 6130 0
5931 6131 0
5932 6132 0
5933 6133 0
5934 6134 0
5935 6135 4
5936 6136 2
5937 6137 0
5938 6138 5
5939 6139 1
5940 6140 0
5941 6141 0
5942 6142 0
5943 6143 0
5944 6144 0
5945 6145 12
5946 6146 7
5947 6147 12
5948 6148 1
5949 6149 2
5950 6150 4
5951 6151 0
5952 6152 0
5953 6153 0
5954 6154 7
5955 6155 16
5956 6156 15
5957 6157 6
5958 6158 9
5959 6159 22
5960 6160 26
5961 6161 26
5962 6162 23
5963 6163 22
5964 6164 20
5965 6165 17
5966 6166 11
5967 6167 10
5968 6168 21
5969 6169 10
5970 6170 26
5971 6171 17
5972 6172 12
5973 6173 15
5974 6174 10
5975 6175 24
5976 6176 18
5977 6177 18
5978 6178 12
5979 6179 26
5980 6180 11
5981 6181 26
5982 6182 23
5983 6183 28
5984 6184 29
5985 6185 18
5986 6186 33
5987 6187 28
5988 6188 26
5989 6189 13
5990 6190 27
5991 6191 17
5992 6192 11
5993 6193 16
5994 6194 23
5995 6195 34
5996 6196 23
5997 6197 23
5998 6198 33
5999 6199 26
6000 6200 32
6001 6201 23
6002 6202 10
6003 6203 20
6004 6204 13
6005 6205 5
6006 6206 6
6007 6207 0
6008 6208 26
6009 6209 5
6010 6210 1
6011 6211 13
6012 6212 18
6013 6213 16
6014 6214 22
6015 6215 22
6016 6216 13
6017 6217 21
6018 6218 9
6019 6219 13
6020 6220 26
6021 6221 18
6022 6222 13
6023 6223 18
6024 6224 16
6025 6225 20
6026 6226 11
6027 6227 11
6028 6228 9
6029 6229 20
6030 6230 18
6031 6231 13
6032 6232 12
6033 6233 1
6034 6234 7
6035 6235 10
6036 6236 7
6037 6237 5
6038 6238 0
6039 6239 6
6040 6240 9
6041 6241 26
6042 6242 20
6043 6243 18
6044 6244 18
6045 6245 29
6046 6246 13
6047 6247 10
6048 6248 17
6049 6249 18
6050 6250 17
6051 6251 23
6052 6252 21
6053 6253 18
6054 6254 22
6055 6255 20
6056 6256 16
6057 6257 18
6058 6258 16
6059 6259 0
6060 6260 2
6061 6261 4
6062 6262 0
6063 6263 1
6064 6264 0
6065 6265 0
6066 6266 0
6067 6267 0
6068 6268 1
6069 6269 5
6070 6270 9
6071 6271 0
6072 6272 0
6073 6273 10
6074 6274 9
6075 6275 7
6076 6276 0
6077 6277 1
6078 6278 0
6079 6279 0
6080 6280 0
6081 6281 0
6082 6282 0
6083 6283 10
6084 6284 0
6085 6285 2
6086 6286 6
6087 6287 2
6088 6288 0
6089 6289 0
6090 6290 5
6091 6291 1
6092 6292 4
6093 6293 10
6094 6294 0
6095 6295 0
6096 6296 0
6097 6297 0
6098 6298 0
6099 6299 0
6100 6300 2
6101 6301 5
6102 6302 0
6103 6303 5
6104 6304 21
6105 6305 0
6106 6306 32
6107 6307 9
6108 6308 5
6109 6309 0
6110 6310 0
6111 6311 0
6112 6312 0
6113 6313 0
6114 6314 0
6115 6315 0
6116 6316 0
6117 6317 0
6118 6318 0
6119 6319 0
6120 6320 0
6121 6321 0
6122 6322 6
6123 6323 1
6124 6324 0
6125 6325 0
6126 6326 0
6127 6327 0
6128 6328 0
6129 6329 0
6130 6330 2
6131 6331 0
6132 6332 4
6133 6333 4
6134 6334 2
6135 6335 5
6136 6336 2
6137 6337 7
6138 6338 2
6139 6339 0
6140 6340 2
6141 6341 0
6142 6342 6
6143 6343 0
6144 6344 0
6145 6345 0
6146 6346 0
6147 6347 0
6148 6348 0
6149 6349 5
6150 6350 2
6151 6351 0
6152 6352 15
6153 6353 16
6154 6354 13
6155 6355 15
6156 6356 16
6157 6357 6
6158 6358 15
6159 6359 17
6160 6360 17
6161 6361 15
6162 6362 12
6163 6363 16
6164 6364 9
6165 6365 17
6166 6366 13
6167 6367 10
6168 6368 12
6169 6369 10
6170 6370 4
6171 6371 12
6172 6372 17
6173 6373 15
6174 6374 7
6175 6375 13
6176 6376 18
6177 6377 11
6178 6378 4
6179 6379 10
6180 6380 4
6181 6381 5
6182 6382 1
6183 6383 7
6184 6384 0
6185 6385 0
6186 6386 0
6187 6387 0
6188 6388 0
6189 6389 0
6190 6390 1
6191 6391 0
6192 6392 0
6193 6393 0
6194 6394 0
6195 6395 0
6196 6396 0
6197 6397 0
6198 6398 0
6199 6399 0
6200 6400 0
6201 6401 0
6202 6402 0
6203 6403 0
6204 6404 0
6205 6405 0
6206 6406 0
6207 6407 2
6208 6408 0
6209 6409 20
6210 6410 2
6211 6411 1
6212 6412 0
6213 6413 6
6214 6414 0
6215 6415 4
6216 6416 0
6217 6417 1
6218 6418 0
6219 6419 6
6220 6420 13
6221 6421 5
6222 6422 5
6223 6423 0
6224 6424 0
6225 6425 7
6226 6426 15
6227 6427 20
6228 6428 15
6229 6429 11
6230 6430 6
6231 6431 18
6232 6432 18
6233 6433 18
6234 6434 4
6235 6435 20
6236 6436 7
6237 6437 7
6238 6438 5
6239 6439 4
6240 6440 2
6241 6441 0
6242 6442 2
6243 6443 4
6244 6444 16
6245 6445 4
6246 6446 7
6247 6447 0
6248 6448 0
6249 6449 0
6250 6450 6
6251 6451 2
6252 6452 0
6253 6453 0
6254 6454 5
6255 6455 0
6256 6456 0
6257 6457 0
6258 6458 0
6259 6459 0
6260 6460 24
6261 6461 24
6262 6462 24
6263 6463 13
6264 6464 4
6265 6465 0
6266 6466 0
6267 6467 0
6268 6468 6
6269 6469 0
6270 6470 0
6271 6471 0
6272 6472 0
6273 6473 10
6274 6474 7
6275 6475 4
6276 6476 4
6277 6477 0
6278 6478 5
6279 6479 0
6280 6480 0
6281 6481 1
6282 6482 1
6283 6483 0
6284 6484 0
6285 6485 0
6286 6486 0
6287 6487 1
6288 6488 5
6289 6489 0
6290 6490 5
6291 6491 0
6292 6492 0
6293 6493 0
6294 6494 6
6295 6495 0
6296 6496 0
6297 6497 0
6298 6498 0
6299 6499 0
6300 6500 0
6301 6501 0
6302 6502 0
6303 6503 0
6304 6504 1
6305 6505 0
6306 6506 5
6307 6507 0
6308 6508 2
6309 6509 0
6310 6510 7
6311 6511 12
6312 6512 9
6313 6513 11
6314 6514 0
6315 6515 0
6316 6516 4
6317 6517 7
6318 6518 1
6319 6519 20
6320 6520 17
6321 6521 22
6322 6522 11
6323 6523 16
6324 6524 17
6325 6525 20
6326 6526 13
6327 6527 13
6328 6528 1
6329 6529 13
6330 6530 18
6331 6531 12
6332 6532 4
6333 6533 0
6334 6534 6
6335 6535 5
6336 6536 5
6337 6537 9
6338 6538 9
6339 6539 15
6340 6540 20
6341 6541 7
6342 6542 6
6343 6543 9
6344 6544 5
6345 6545 2
6346 6546 2
6347 6547 12
6348 6548 15
6349 6549 21
6350 6550 20
6351 6551 5
6352 6552 7
6353 6553 0
6354 6554 6
6355 6555 0
6356 6556 0
6357 6557 0
6358 6558 10
6359 6559 7
6360 6560 6
6361 6561 7
6362 6562 0
6363 6563 6
6364 6564 0
6365 6565 4
6366 6566 9
6367 6567 2
6368 6568 0
6369 6569 13
6370 6570 5
6371 6571 0
6372 6572 6
6373 6573 7
6374 6574 23
6375 6575 2
6376 6576 4
6377 6577 9
6378 6578 0
6379 6579 11
6380 6580 32
6381 6581 13
6382 6582 4
6383 6583 0
6384 6584 7
6385 6585 1
6386 6586 0
6387 6587 0
6388 6588 0
6389 6589 9
6390 6590 11
6391 6591 0
6392 6592 0
6393 6593 0
6394 6594 6
6395 6595 0
6396 6596 7
6397 6597 1
6398 6598 0
6399 6599 10
6400 6600 4
6401 6601 0
6402 6602 5
6403 6603 0
6404 6604 0
6405 6605 0
6406 6606 0
6407 6607 0
6408 6608 0
6409 6609 0
6410 6610 0
6411 6611 0
6412 6612 0
6413 6613 0
6414 6614 0
6415 6615 0
6416 6616 0
6417 6617 0
6418 6618 0
6419 6619 0
6420 6620 0
6421 6621 0
6422 6622 0
6423 6623 0
6424 6624 0
6425 6625 0
6426 6626 0
6427 6627 0
6428 6628 0
6429 6629 0
6430 6630 0
6431 6631 0
6432 6632 0
6433 6633 0
6434 6634 0
6435 6635 0
6436 6636 0
6437 6637 0
6438 6638 0
6439 6639 0
6440 6640 0
6441 6641 0
6442 6642 0
6443 6643 0
6444 6644 0
6445 6645 0
6446 6646 0
6447 6647 0
6448 6648 0
6449 6649 0
6450 6650 0
6451 6651 0
6452 6652 0
6453 6653 0
6454 6654 0
6455 6655 0
6456 6656 0
6457 6657 0
6458 6658 0
6459 6659 0
6460 6660 0
6461 6661 0
6462 6662 0
6463 6663 0
6464 6664 0
6465 6665 0
6466 6666 0
6467 6667 0
6468 6668 0
6469 6669 0
6470 6670 0
6471 6671 0
6472 6672 0
6473 6673 0
6474 6674 0
6475 6675 0
6476 6676 0
6477 6677 0
6478 6678 0
6479 6679 0
6480 6680 0
6481 6681 0
6482 6682 0
6483 6683 0
6484 6684 0
6485 6685 0
6486 6686 0
6487 6687 0
6488 6688 0
6489 6689 0
6490 6690 0
6491 6691 0
6492 6692 0
6493 6693 0
6494 6694 0
6495 6695 0
6496 6696 0
6497 6697 0
6498 6698 0
6499 6699 0
6500 6700 0
6501 6701 0
6502 6702 0
6503 6703 0
6504 6704 0
6505 6705 0
6506 6706 0
6507 6707 0
6508 6708 0
6509 6709 0
6510 6710 0
6511 6711 0
6512 6712 0
6513 6713 0
6514 6714 0
6515 6715 0
6516 6716 0
6517 6717 0
6518 6718 0
6519 6719 0
6520 6720 0
6521 6721 0
6522 6722 0
6523 6723 0
6524 6724 0
6525 6725 0
6526 6726 0
6527 6727 0
6528 6728 0
6529 6729 0
6530 6730 0
6531 6731 0
6532 6732 0
6533 6733 0
6534 6734 0
6535 6735 0
6536 6736 0
6537 6737 0
6538 6738 0
6539 6739 0
6540 6740 0
6541 6741 0
6542 6742 0
6543 6743 0
6544 6744 0
6545 6745 0
6546 6746 0
6547 6747 0
6548 6748 0
6549 6749 0
6550 6750 0
6551 6751 0
6552 6752 0
6553 6753 0
6554 6754 0
6555 6755 0
6556 6756 0
6557 6757 0
6558 6758 0
6559 6759 0
6560 6760 0
6561 6761 0
6562 6762 0
6563 6763 0
6564 6764 0
6565 6765 0
6566 6766 0
6567 6767 0
6568 6768 0
6569 6769 0
6570 6770 0
6571 6771 0
6572 6772 0
6573 6773 0
6574 6774 0
6575 6775 0
6576 6776 0
6577 6777 0
6578 6778 0
6579 6779 0
6580 6780 0
6581 6781 0
6582 6782 0
6583 6783 0
6584 6784 0
6585 6785 0
6586 6786 0
6587 6787 0
6588 6788 0
6589 6789 0
6590 6790 0
6591 6791 0
6592 6792 0
6593 6793 0
6594 6794 0
6595 6795 0
6596 6796 0
6597 6797 0
6598 6798 0
6599 6799 0
6600 6800 0
6601 6801 0
6602 6802 0
6603 6803 0
6604 6804 0
6605 6805 0
6606 6806 0
6607 6807 0
6608 6808 0
6609 6809 0
6610 6810 0
6611 6811 0
6612 6812 0
6613 6813 0
6614 6814 0
6615 6815 0
6616 6816 0
6617 6817 0
6618 6818 0
6619 6819 0
6620 6820 0
6621 6821 0
6622 6822 0
6623 6823 0
6624 6824 0
6625 6825 0
6626 6826 0
6627 6827 0
6628 6828 0
6629 6829 0
6630 6830 0
6631 6831 0
6632 6832 0
6633 6833 0
6634 6834 0
6635 6835 0
6636 6836 0
6637 6837 0
6638 6838 0
6639 6839 0
6640 6840 0
6641 6841 0
6642 6842 0
6643 6843 0
6644 6844 0
6645 6845 0
6646 6846 0
6647 6847 0
6648 6848 0
6649 6849 0
6650 6850 0
6651 6851 0
6652 6852 0
6653 6853 0
6654 6854 0
6655 6855 0
6656 6856 0
6657 6857 0
6658 6858 0
6659 6859 0
6660 6860 0
6661 6861 0
6662 6862 0
6663 6863 0
6664 6864 0
6665 6865 0
6666 6866 0
6667 6867 0
6668 6868 0
6669 6869 0
6670 6870 0
6671 6871 0
6672 6872 0
6673 6873 0
6674 6874 0
6675 6875 0
6676 6876 0
6677 6877 0
6678 6878 0
6679 6879 0
6680 6880 0
6681 6881 0
6682 6882 0
6683 6883 0
6684 6884 0
6685 6885 0
6686 6886 0
6687 6887 0
6688 6888 0
6689 6889 0
6690 6890 0
6691 6891 0
6692 6892 0
6693 6893 0
6694 6894 0
6695 6895 0
6696 6896 0
6697 6897 0
6698 6898 0
6699 6899 0
6700 6900 0
6701 6901 0
6702 6902 0
6703 6903 0
6704 6904 0
6705 6905 0
6706 6906 0
6707 6907 0
6708 6908 0
6709 6909 0
6710 6910 0
6711 6911 0
6712 6912 0
6713 6913 0
6714 6914 0
6715 6915 0
6716 6916 0
6717 6917 0
6718 6918 0
6719 6919 0
6720 6920 0
6721 6921 0
6722 6922 0
6723 6923 0
6724 6924 0
6725 6925 0
6726 6926 0
6727 6927 0
6728 6928 0
6729 6929 0
6730 6930 0
6731 6931 0
6732 6932 0
6733 6933 0
6734 6934 0
6735 6935 0
6736 6936 0
6737 6937 0
6738 6938 0
6739 6939 0
6740 6940 0
6741 6941 0
6742 6942 0
6743 6943 0
6744 6944 0
6745 6945 0
6746 6946 0
6747 6947 0
6748 6948 0
6749 6949 0
6750 6950 0
6751 6951 0
6752 6952 0
6753 6953 0
6754 6954 0
6755 6955 0
6756 6956 0
6757 6957 0
6758 6958 0
6759 6959 0
6760 6960 0
6761 6961 0
6762 6962 0
6763 6963 0
6764 6964 0
6765 6965 0
6766 6966 0
6767 6967 0
6768 6968 0
6769 6969 0
6770 6970 0
6771 6971 0
6772 6972 0
6773 6973 0
6774 6974 0
6775 6975 0
6776 6976 0
6777 6977 0
6778 6978 0
6779 6979 0
6780 6980 0
6781 6981 0
6782 6982 0
6783 6983 0
6784 6984 0
6785 6985 0
6786 6986 0
6787 6987 0
6788 6988 0
6789 6989 0
6790 6990 0
6791 6991 0
6792 6992 0
6793 6993 0
6794 6994 0
6795 6995 0
6796 6996 0
6797 6997 0
6798 6998 0
6799 6999 0
6800 7000 0
6801 7001 0
