1 201 3
2 202 3
3 203 3
4 204 3
5 205 3
6 206 3
7 207 4
8 208 3
9 209 3
10 210 3
11 211 4
12 212 3
13 213 3
14 214 3
15 215 3
16 216 3
17 217 3
18 218 4
19 219 3
20 220 3
21 221 3
22 222 3
23 223 3
24 224 3
25 225 3
26 226 3
27 227 3
28 228 3
29 229 3
30 230 4
31 231 3
32 232 3
33 233 3
34 234 3
35 235 2
36 236 3
37 237 3
38 238 2
39 239 2
40 240 3
41 241 3
42 242 2
43 243 3
44 244 4
45 245 4
46 246 3
47 247 3
48 248 2
49 249 3
50 250 2
51 251 3
52 252 2
53 253 2
54 254 3
55 255 3
56 256 3
57 257 3
58 258 4
59 259 3
60 260 2
61 261 3
62 262 3
63 263 3
64 264 2
65 265 2
66 266 3
67 267 1
68 268 2
69 269 1
70 270 2
71 271 1
72 272 2
73 273 2
74 274 2
75 275 1
76 276 1
77 277 2
78 278 2
79 279 2
80 280 3
81 281 2
82 282 2
83 283 3
84 284 3
85 285 2
86 286 3
87 287 3
88 288 2
89 289 3
90 290 2
91 291 2
92 292 3
93 293 2
94 294 2
95 295 2
96 296 4
97 297 4
98 298 4
99 299 3
100 300 5
101 301 5
102 302 5
103 303 6
104 304 5
105 305 3
106 306 3
107 307 7
108 308 3
109 309 4
110 310 3
111 311 3
112 312 4
113 313 2
114 314 2
115 315 4
116 316 5
117 317 5
118 318 3
119 319 5
120 320 3
121 321 3
122 322 2
123 323 3
124 324 3
125 325 3
126 326 2
127 327 3
128 328 3
129 329 5
130 330 3
131 331 2
132 332 2
133 333 5
134 334 3
135 335 2
136 336 2
137 337 3
138 338 2
139 339 2
140 340 2
141 341 2
142 342 2
143 343 2
144 344 2
145 345 2
146 346 2
147 347 2
148 348 2
149 349 3
150 350 2
151 351 3
152 352 4
153 353 2
154 354 2
155 355 2
156 356 2
157 357 3
158 358 2
159 359 2
160 360 2
161 361 2
162 362 2
163 363 2
164 364 2
165 365 2
166 366 2
167 367 2
168 368 2
169 369 2
170 370 2
171 371 2
172 372 2
173 373 2
174 374 2
175 375 2
176 376 2
177 377 2
178 378 2
179 379 2
180 380 2
181 381 2
182 382 2
183 383 3
184 384 2
185 385 3
186 386 3
187 387 2
188 388 2
189 389 3
190 390 3
191 391 2
192 392 2
193 393 3
194 394 3
195 395 2
196 396 3
197 397 2
198 398 2
199 399 2
200 400 2
201 401 2
202 402 2
203 403 4
204 404 2
205 405 2
206 406 2
207 407 2
208 408 3
209 409 2
210 410 2
211 411 3
212 412 3
213 413 2
214 414 2
215 415 3
216 416 3
217 417 3
218 418 3
219 419 2
220 420 7
221 421 5
222 422 3
223 423 2
224 424 2
225 425 2
226 426 2
227 427 2
228 428 2
229 429 2
230 430 2
231 431 2
232 432 2
233 433 3
234 434 2
235 435 2
236 436 3
237 437 3
238 438 3
239 439 3
240 440 3
241 441 3
242 442 3
243 443 3
244 444 3
245 445 3
246 446 3
247 447 3
248 448 3
249 449 3
250 450 3
251 451 3
252 452 3
253 453 3
254 454 3
255 455 3
256 456 4
257 457 3
258 458 3
259 459 3
260 460 3
261 461 3
262 462 4
263 463 3
264 464 3
265 465 3
266 466 6
267 467 2
268 468 2
269 469 3
270 470 3
271 471 2
272 472 3
273 473 3
274 474 3
275 475 3
276 476 3
277 477 6
278 478 3
279 479 2
280 480 2
281 481 2
282 482 3
283 483 3
284 484 2
285 485 2
286 486 2
287 487 2
288 488 2
289 489 3
290 490 2
291 491 3
292 492 4
293 493 3
294 494 4
295 495 3
296 496 3
297 497 3
298 498 3
299 499 4
300 500 4
301 501 3
302 502 3
303 503 3
304 504 3
305 505 3
306 506 3
307 507 4
308 508 4
309 509 3
310 510 3
311 511 3
312 512 3
313 513 4
314 514 3
315 515 3
316 516 3
317 517 2
318 518 2
319 519 2
320 520 2
321 521 2
322 522 2
323 523 2
324 524 2
325 525 3
326 526 2
327 527 2
328 528 2
329 529 2
330 530 2
331 531 2
332 532 2
333 533 3
334 534 2
335 535 3
336 536 1
337 537 1
338 538 1
339 539 1
340 540 1
341 541 1
342 542 1
343 543 1
344 544 1
345 545 2
346 546 1
347 547 2
348 548 2
349 549 2
350 550 2
351 551 1
352 552 1
353 553 1
354 554 1
355 555 2
356 556 2
357 557 2
358 558 1
359 559 2
360 560 1
361 561 1
362 562 1
363 563 2
364 564 3
365 565 2
366 566 2
367 567 5
368 568 1
369 569 2
370 570 2
371 571 5
372 572 3
373 573 5
374 574 4
375 575 3
376 576 4
377 577 6
378 578 5
379 579 5
380 580 5
381 581 7
382 582 3
383 583 4
384 584 5
385 585 6
386 586 3
387 587 3
388 588 6
389 589 4
390 590 4
391 591 3
392 592 3
393 593 4
394 594 3
395 595 4
396 596 3
397 597 4
398 598 3
399 599 4
400 600 3
401 601 4
402 602 3
403 603 4
404 604 2
405 605 3
406 606 3
407 607 3
408 608 3
409 609 2
410 610 2
411 611 3
412 612 4
413 613 3
414 614 4
415 615 2
416 616 3
417 617 2
418 618 3
419 619 1
420 620 1
421 621 2
422 622 1
423 623 2
424 624 1
425 625 1
426 626 3
427 627 2
428 628 3
429 629 4
430 630 4
431 631 5
432 632 6
433 633 6
434 634 5
435 635 5
436 636 5
437 637 2
438 638 5
439 639 3
440 640 2
441 641 2
442 642 2
443 643 2
444 644 2
445 645 2
446 646 2
447 647 2
448 648 2
449 649 2
450 650 2
451 651 2
452 652 2
453 653 3
454 654 2
455 655 4
456 656 2
457 657 2
458 658 2
459 659 2
460 660 2
461 661 2
462 662 2
463 663 2
464 664 2
465 665 2
466 666 2
467 667 2
468 668 2
469 669 2
470 670 2
471 671 2
472 672 2
473 673 2
474 674 2
475 675 3
476 676 2
477 677 3
478 678 3
479 679 2
480 680 3
481 681 5
482 682 4
483 683 4
484 684 4
485 685 5
486 686 3
487 687 3
488 688 6
489 689 5
490 690 4
491 691 5
492 692 3
493 693 3
494 694 3
495 695 5
496 696 3
497 697 2
498 698 6
499 699 3
500 700 3
501 701 4
502 702 4
503 703 3
504 704 4
505 705 3
506 706 4
507 707 3
508 708 3
509 709 4
510 710 3
511 711 4
512 712 4
513 713 3
514 714 4
515 715 4
516 716 4
517 717 4
518 718 4
519 719 3
520 720 4
521 721 4
522 722 4
523 723 3
524 724 4
525 725 3
526 726 4
527 727 4
528 728 3
529 729 3
530 730 4
531 731 3
532 732 4
533 733 4
534 734 4
535 735 4
536 736 4
537 737 4
538 738 3
539 739 4
540 740 4
541 741 3
542 742 4
543 743 3
544 744 4
545 745 4
546 746 3
547 747 3
548 748 4
549 749 3
550 750 4
551 751 4
552 752 4
553 753 4
554 754 3
555 755 4
556 756 4
557 757 4
558 758 4
559 759 4
560 760 4
561 761 4
562 762 4
563 763 4
564 764 4
565 765 4
566 766 4
567 767 4
568 768 5
569 769 4
570 770 4
571 771 4
572 772 4
573 773 4
574 774 4
575 775 4
576 776 4
577 777 4
578 778 4
579 779 3
580 780 4
581 781 4
582 782 4
583 783 3
584 784 4
585 785 4
586 786 4
587 787 4
588 788 4
589 789 4
590 790 4
591 791 3
592 792 3
593 793 3
594 794 3
595 795 4
596 796 7
597 797 4
598 798 3
599 799 4
600 800 4
601 801 4
602 802 4
603 803 4
604 804 5
605 805 4
606 806 3
607 807 4
608 808 5
609 809 6
610 810 7
611 811 4
612 812 5
613 813 5
614 814 4
615 815 3
616 816 6
617 817 4
618 818 4
619 819 4
620 820 7
621 821 4
622 822 6
623 823 4
624 824 6
625 825 4
626 826 4
627 827 4
628 828 3
629 829 3
630 830 4
631 831 4
632 832 4
633 833 4
634 834 4
635 835 4
636 836 5
637 837 4
638 838 3
639 839 4
640 840 3
641 841 2
642 842 3
643 843 3
644 844 4
645 845 4
646 846 3
647 847 3
648 848 3
649 849 3
650 850 4
651 851 4
652 852 4
653 853 4
654 854 4
655 855 4
656 856 3
657 857 3
658 858 4
659 859 4
660 860 3
661 861 4
662 862 3
663 863 3
664 864 3
665 865 4
666 866 4
667 867 4
668 868 3
669 869 3
670 870 2
671 871 2
672 872 3
673 873 3
674 874 1
675 875 1
676 876 3
677 877 1
678 878 1
679 879 3
680 880 3
681 881 3
682 882 3
683 883 3
684 884 2
685 885 2
686 886 1
687 887 2
688 888 9
689 889 2
690 890 2
691 891 2
692 892 2
693 893 2
694 894 1
695 895 3
696 896 3
697 897 4
698 898 4
699 899 5
700 900 3
701 901 4
702 902 5
703 903 1
704 904 4
705 905 5
706 906 4
707 907 4
708 908 2
709 909 5
710 910 5
711 911 4
712 912 5
713 913 2
714 914 3
715 915 3
716 916 6
717 917 3
718 918 4
719 919 3
720 920 4
721 921 3
722 922 4
723 923 4
724 924 3
725 925 4
726 926 4
727 927 7
728 928 3
729 929 3
730 930 4
731 931 4
732 932 4
733 933 5
734 934 4
735 935 4
736 936 6
737 937 4
738 938 4
739 939 4
740 940 4
741 941 4
742 942 4
743 943 6
744 944 4
745 945 4
746 946 4
747 947 3
748 948 4
749 949 4
750 950 4
751 951 4
752 952 4
753 953 3
754 954 3
755 955 3
756 956 3
757 957 4
758 958 3
759 959 4
760 960 5
761 961 4
762 962 6
763 963 6
764 964 4
765 965 1
766 966 1
767 967 1
768 968 4
769 969 1
770 970 1
771 971 1
772 972 1
773 973 1
774 974 4
775 975 3
776 976 1
777 977 1
778 978 1
779 979 1
780 980 2
781 981 3
782 982 3
783 983 5
784 984 3
785 985 3
786 986 3
787 987 3
788 988 4
789 989 2
790 990 3
791 991 2
792 992 2
793 993 3
794 994 1
795 995 1
796 996 1
797 997 1
798 998 1
799 999 2
800 1000 2
801 1001 3
802 1002 2
803 1003 2
804 1004 2
805 1005 2
806 1006 3
807 1007 4
808 1008 4
809 1009 1
810 1010 1
811 1011 1
812 1012 1
813 1013 1
814 1014 1
815 1015 3
816 1016 4
817 1017 1
818 1018 1
819 1019 1
820 1020 1
821 1021 1
822 1022 1
823 1023 1
824 1024 2
825 1025 1
826 1026 1
827 1027 1
828 1028 1
829 1029 3
830 1030 1
831 1031 2
832 1032 3
833 1033 2
834 1034 2
835 1035 2
836 1036 3
837 1037 2
838 1038 4
839 1039 7
840 1040 5
841 1041 3
842 1042 3
843 1043 4
844 1044 4
845 1045 5
846 1046 4
847 1047 3
848 1048 3
849 1049 3
850 1050 3
851 1051 4
852 1052 4
853 1053 3
854 1054 3
855 1055 6
856 1056 4
857 1057 4
858 1058 4
859 1059 4
860 1060 4
861 1061 4
862 1062 4
863 1063 5
864 1064 4
865 1065 4
866 1066 3
867 1067 3
868 1068 3
869 1069 4
870 1070 3
871 1071 4
872 1072 3
873 1073 3
874 1074 3
875 1075 4
876 1076 4
877 1077 4
878 1078 3
879 1079 3
880 1080 3
881 1081 4
882 1082 3
883 1083 1
884 1084 4
885 1085 5
886 1086 1
887 1087 4
888 1088 3
889 1089 4
890 1090 4
891 1091 4
892 1092 4
893 1093 4
894 1094 4
895 1095 5
896 1096 3
897 1097 7
898 1098 5
899 1099 5
900 1100 5
901 1101 5
902 1102 5
903 1103 5
904 1104 5
905 1105 5
906 1106 4
907 1107 4
908 1108 4
909 1109 4
910 1110 4
911 1111 4
912 1112 4
913 1113 4
914 1114 5
915 1115 4
916 1116 3
917 1117 4
918 1118 4
919 1119 4
920 1120 4
921 1121 7
922 1122 4
923 1123 5
924 1124 1
925 1125 3
926 1126 5
927 1127 4
928 1128 4
929 1129 5
930 1130 5
931 1131 4
932 1132 4
933 1133 6
934 1134 4
935 1135 4
936 1136 3
937 1137 4
938 1138 4
939 1139 4
940 1140 4
941 1141 6
942 1142 5
943 1143 4
944 1144 4
945 1145 8
946 1146 4
947 1147 5
948 1148 2
949 1149 7
950 1150 4
951 1151 3
952 1152 3
953 1153 4
954 1154 5
955 1155 3
956 1156 3
957 1157 3
958 1158 5
959 1159 5
960 1160 4
961 1161 3
962 1162 3
963 1163 3
964 1164 4
965 1165 1
966 1166 3
967 1167 3
968 1168 3
969 1169 3
970 1170 5
971 1171 5
972 1172 5
973 1173 8
974 1174 5
975 1175 7
976 1176 5
977 1177 7
978 1178 7
979 1179 5
980 1180 5
981 1181 5
982 1182 5
983 1183 4
984 1184 5
985 1185 4
986 1186 4
987 1187 4
988 1188 5
989 1189 5
990 1190 4
991 1191 5
992 1192 5
993 1193 5
994 1194 5
995 1195 5
996 1196 4
997 1197 4
998 1198 4
999 1199 4
1000 1200 4
1001 1201 5
1002 1202 7
1003 1203 4
1004 1204 4
1005 1205 6
1006 1206 4
1007 1207 3
1008 1208 4
1009 1209 3
1010 1210 4
1011 1211 3
1012 1212 3
1013 1213 4
1014 1214 3
1015 1215 3
1016 1216 3
1017 1217 4
1018 1218 3
1019 1219 3
1020 1220 3
1021 1221 3
1022 1222 5
1023 1223 3
1024 1224 3
1025 1225 3
1026 1226 3
1027 1227 3
1028 1228 3
1029 1229 5
1030 1230 5
1031 1231 5
1032 1232 4
1033 1233 5
1034 1234 5
1035 1235 4
1036 1236 4
1037 1237 4
1038 1238 4
1039 1239 5
1040 1240 4
1041 1241 4
1042 1242 4
1043 1243 5
1044 1244 5
1045 1245 4
1046 1246 1
1047 1247 2
1048 1248 1
1049 1249 3
1050 1250 3
1051 1251 3
1052 1252 5
1053 1253 4
1054 1254 3
1055 1255 3
1056 1256 2
1057 1257 4
1058 1258 5
1059 1259 1
1060 1260 1
1061 1261 5
1062 1262 4
1063 1263 4
1064 1264 4
1065 1265 5
1066 1266 7
1067 1267 3
1068 1268 4
1069 1269 3
1070 1270 3
1071 1271 3
1072 1272 3
1073 1273 4
1074 1274 3
1075 1275 3
1076 1276 3
1077 1277 4
1078 1278 3
1079 1279 3
1080 1280 3
1081 1281 3
1082 1282 3
1083 1283 3
1084 1284 4
1085 1285 3
1086 1286 3
1087 1287 5
1088 1288 7
1089 1289 3
1090 1290 4
1091 1291 4
1092 1292 3
1093 1293 3
1094 1294 3
1095 1295 3
1096 1296 4
1097 1297 3
1098 1298 4
1099 1299 4
1100 1300 4
1101 1301 5
1102 1302 4
1103 1303 4
1104 1304 4
1105 1305 4
1106 1306 4
1107 1307 4
1108 1308 4
1109 1309 5
1110 1310 4
1111 1311 4
1112 1312 4
1113 1313 3
1114 1314 4
1115 1315 4
1116 1316 4
1117 1317 2
1118 1318 4
1119 1319 3
1120 1320 2
1121 1321 2
1122 1322 3
1123 1323 2
1124 1324 3
1125 1325 2
1126 1326 3
1127 1327 1
1128 1328 1
1129 1329 3
1130 1330 5
1131 1331 4
1132 1332 4
1133 1333 3
1134 1334 5
1135 1335 4
1136 1336 5
1137 1337 4
1138 1338 4
1139 1339 4
1140 1340 4
1141 1341 3
1142 1342 4
1143 1343 4
1144 1344 4
1145 1345 4
1146 1346 4
1147 1347 3
1148 1348 3
1149 1349 3
1150 1350 4
1151 1351 3
1152 1352 3
1153 1353 4
1154 1354 3
1155 1355 3
1156 1356 4
1157 1357 3
1158 1358 2
1159 1359 4
1160 1360 4
1161 1361 4
1162 1362 3
1163 1363 4
1164 1364 4
1165 1365 4
1166 1366 3
1167 1367 4
1168 1368 2
1169 1369 3
1170 1370 3
1171 1371 2
1172 1372 3
1173 1373 3
1174 1374 3
1175 1375 4
1176 1376 3
1177 1377 3
1178 1378 3
1179 1379 4
1180 1380 3
1181 1381 2
1182 1382 2
1183 1383 3
1184 1384 5
1185 1385 3
1186 1386 2
1187 1387 1
1188 1388 1
1189 1389 3
1190 1390 3
1191 1391 3
1192 1392 3
1193 1393 5
1194 1394 5
1195 1395 4
1196 1396 3
1197 1397 3
1198 1398 5
1199 1399 5
1200 1400 5
1201 1401 5
1202 1402 3
1203 1403 4
1204 1404 6
1205 1405 5
1206 1406 5
1207 1407 3
1208 1408 3
1209 1409 1
1210 1410 3
1211 1411 4
1212 1412 4
1213 1413 4
1214 1414 4
1215 1415 4
1216 1416 3
1217 1417 3
1218 1418 4
1219 1419 3
1220 1420 3
1221 1421 4
1222 1422 1
1223 1423 3
1224 1424 2
1225 1425 3
1226 1426 4
1227 1427 3
1228 1428 1
1229 1429 3
1230 1430 4
1231 1431 3
1232 1432 1
1233 1433 2
1234 1434 2
1235 1435 1
1236 1436 4
1237 1437 2
1238 1438 1
1239 1439 4
1240 1440 1
1241 1441 5
1242 1442 4
1243 1443 2
1244 1444 2
1245 1445 3
1246 1446 3
1247 1447 3
1248 1448 3
1249 1449 5
1250 1450 1
1251 1451 2
1252 1452 1
1253 1453 1
1254 1454 1
1255 1455 1
1256 1456 1
1257 1457 1
1258 1458 1
1259 1459 1
1260 1460 2
1261 1461 3
1262 1462 1
1263 1463 1
1264 1464 4
1265 1465 2
1266 1466 4
1267 1467 3
1268 1468 3
1269 1469 4
1270 1470 3
1271 1471 4
1272 1472 3
1273 1473 3
1274 1474 4
1275 1475 4
1276 1476 4
1277 1477 4
1278 1478 3
1279 1479 4
1280 1480 4
1281 1481 4
1282 1482 4
1283 1483 4
1284 1484 4
1285 1485 4
1286 1486 3
1287 1487 4
1288 1488 4
1289 1489 3
1290 1490 4
1291 1491 4
1292 1492 4
1293 1493 5
1294 1494 5
1295 1495 4
1296 1496 4
1297 1497 4
1298 1498 4
1299 1499 4
1300 1500 4
1301 1501 4
1302 1502 3
1303 1503 3
1304 1504 4
1305 1505 2
1306 1506 3
1307 1507 3
1308 1508 3
1309 1509 2
1310 1510 3
1311 1511 4
1312 1512 4
1313 1513 4
1314 1514 4
1315 1515 4
1316 1516 4
1317 1517 4
1318 1518 4
1319 1519 4
1320 1520 4
1321 1521 5
1322 1522 4
1323 1523 4
1324 1524 4
1325 1525 4
1326 1526 3
1327 1527 4
1328 1528 3
1329 1529 3
1330 1530 3
1331 1531 5
1332 1532 4
1333 1533 2
1334 1534 3
1335 1535 3
1336 1536 2
1337 1537 3
1338 1538 3
1339 1539 4
1340 1540 4
1341 1541 3
1342 1542 4
1343 1543 1
1344 1544 3
1345 1545 4
1346 1546 5
1347 1547 5
1348 1548 5
1349 1549 2
1350 1550 1
1351 1551 3
1352 1552 4
1353 1553 2
1354 1554 4
1355 1555 2
1356 1556 3
1357 1557 3
1358 1558 3
1359 1559 3
1360 1560 3
1361 1561 3
1362 1562 3
1363 1563 3
1364 1564 3
1365 1565 4
1366 1566 4
1367 1567 4
1368 1568 3
1369 1569 4
1370 1570 4
1371 1571 3
1372 1572 5
1373 1573 4
1374 1574 4
1375 1575 2
1376 1576 2
1377 1577 2
1378 1578 3
1379 1579 1
1380 1580 4
1381 1581 3
1382 1582 3
1383 1583 3
1384 1584 3
1385 1585 3
1386 1586 3
1387 1587 1
1388 1588 3
1389 1589 3
1390 1590 5
1391 1591 4
1392 1592 4
1393 1593 3
1394 1594 3
1395 1595 3
1396 1596 2
1397 1597 3
1398 1598 2
1399 1599 3
1400 1600 2
1401 1601 4
1402 1602 3
1403 1603 3
1404 1604 3
1405 1605 2
1406 1606 3
1407 1607 3
1408 1608 4
1409 1609 3
1410 1610 3
1411 1611 2
1412 1612 3
1413 1613 3
1414 1614 4
1415 1615 4
1416 1616 5
1417 1617 5
1418 1618 5
1419 1619 5
1420 1620 4
1421 1621 5
1422 1622 5
1423 1623 4
1424 1624 4
1425 1625 4
1426 1626 4
1427 1627 5
1428 1628 4
1429 1629 4
1430 1630 4
1431 1631 4
1432 1632 4
1433 1633 4
1434 1634 3
1435 1635 4
1436 1636 4
1437 1637 4
1438 1638 3
1439 1639 3
1440 1640 3
1441 1641 4
1442 1642 3
1443 1643 3
1444 1644 2
1445 1645 1
1446 1646 4
1447 1647 3
1448 1648 3
1449 1649 3
1450 1650 1
1451 1651 1
1452 1652 1
1453 1653 1
1454 1654 1
1455 1655 1
1456 1656 2
1457 1657 2
1458 1658 3
1459 1659 3
1460 1660 1
1461 1661 3
1462 1662 2
1463 1663 2
1464 1664 2
1465 1665 2
1466 1666 1
1467 1667 1
1468 1668 3
1469 1669 3
1470 1670 2
1471 1671 1
1472 1672 1
1473 1673 2
1474 1674 2
1475 1675 4
1476 1676 2
1477 1677 2
1478 1678 3
1479 1679 3
1480 1680 3
1481 1681 2
1482 1682 3
1483 1683 3
1484 1684 3
1485 1685 4
1486 1686 2
1487 1687 3
1488 1688 4
1489 1689 3
1490 1690 3
1491 1691 3
1492 1692 2
1493 1693 3
1494 1694 2
1495 1695 3
1496 1696 3
1497 1697 1
1498 1698 3
1499 1699 1
1500 1700 2
1501 1701 3
1502 1702 4
1503 1703 3
1504 1704 2
1505 1705 3
1506 1706 2
1507 1707 1
1508 1708 2
1509 1709 2
1510 1710 3
1511 1711 3
1512 1712 3
1513 1713 2
1514 1714 5
1515 1715 4
1516 1716 4
1517 1717 5
1518 1718 5
1519 1719 6
1520 1720 5
1521 1721 4
1522 1722 4
1523 1723 3
1524 1724 3
1525 1725 4
1526 1726 4
1527 1727 4
1528 1728 3
1529 1729 5
1530 1730 4
1531 1731 3
1532 1732 3
1533 1733 1
1534 1734 3
1535 1735 1
1536 1736 1
1537 1737 1
1538 1738 1
1539 1739 1
1540 1740 3
1541 1741 4
1542 1742 4
1543 1743 3
1544 1744 3
1545 1745 3
1546 1746 3
1547 1747 3
1548 1748 3
1549 1749 3
1550 1750 3
1551 1751 1
1552 1752 4
1553 1753 3
1554 1754 2
1555 1755 2
1556 1756 2
1557 1757 2
1558 1758 2
1559 1759 1
1560 1760 1
1561 1761 3
1562 1762 1
1563 1763 1
1564 1764 1
1565 1765 1
1566 1766 1
1567 1767 1
1568 1768 1
1569 1769 1
1570 1770 1
1571 1771 1
1572 1772 1
1573 1773 1
1574 1774 1
1575 1775 1
1576 1776 2
1577 1777 2
1578 1778 2
1579 1779 1
1580 1780 1
1581 1781 3
1582 1782 3
1583 1783 1
1584 1784 1
1585 1785 1
1586 1786 3
1587 1787 1
1588 1788 2
1589 1789 2
1590 1790 1
1591 1791 1
1592 1792 3
1593 1793 1
1594 1794 1
1595 1795 3
1596 1796 2
1597 1797 2
1598 1798 1
1599 1799 2
1600 1800 1
1601 1801 1
1602 1802 1
1603 1803 2
1604 1804 1
1605 1805 1
1606 1806 1
1607 1807 2
1608 1808 1
1609 1809 4
1610 1810 2
1611 1811 2
1612 1812 1
1613 1813 1
1614 1814 3
1615 1815 4
1616 1816 2
1617 1817 1
1618 1818 1
1619 1819 3
1620 1820 3
1621 1821 1
1622 1822 4
1623 1823 4
1624 1824 4
1625 1825 3
1626 1826 4
1627 1827 1
1628 1828 4
1629 1829 4
1630 1830 4
1631 1831 4
1632 1832 3
1633 1833 1
1634 1834 2
1635 1835 1
1636 1836 4
1637 1837 4
1638 1838 4
1639 1839 3
1640 1840 4
1641 1841 3
1642 1842 4
1643 1843 4
1644 1844 4
1645 1845 4
1646 1846 4
1647 1847 4
1648 1848 4
1649 1849 3
1650 1850 4
1651 1851 4
1652 1852 4
1653 1853 4
1654 1854 5
1655 1855 3
1656 1856 4
1657 1857 2
1658 1858 3
1659 1859 3
1660 1860 4
1661 1861 4
1662 1862 3
1663 1863 4
1664 1864 5
1665 1865 5
1666 1866 5
1667 1867 5
1668 1868 4
1669 1869 5
1670 1870 5
1671 1871 5
1672 1872 5
1673 1873 4
1674 1874 5
1675 1875 5
1676 1876 4
1677 1877 4
1678 1878 4
1679 1879 4
1680 1880 4
1681 1881 5
1682 1882 5
1683 1883 4
1684 1884 5
1685 1885 5
1686 1886 4
1687 1887 5
1688 1888 4
1689 1889 4
1690 1890 4
1691 1891 5
1692 1892 4
1693 1893 4
1694 1894 4
1695 1895 4
1696 1896 4
1697 1897 4
1698 1898 4
1699 1899 4
1700 1900 4
1701 1901 5
1702 1902 4
1703 1903 5
1704 1904 4
1705 1905 4
1706 1906 1
1707 1907 3
1708 1908 4
1709 1909 5
1710 1910 3
1711 1911 4
1712 1912 4
1713 1913 4
1714 1914 4
1715 1915 4
1716 1916 3
1717 1917 3
1718 1918 4
1719 1919 5
1720 1920 4
1721 1921 5
1722 1922 2
1723 1923 3
1724 1924 3
1725 1925 3
1726 1926 3
1727 1927 4
1728 1928 4
1729 1929 4
1730 1930 4
1731 1931 5
1732 1932 5
1733 1933 5
1734 1934 4
1735 1935 5
1736 1936 4
1737 1937 5
1738 1938 4
1739 1939 4
1740 1940 4
1741 1941 4
1742 1942 5
1743 1943 3
1744 1944 4
1745 1945 4
1746 1946 3
1747 1947 4
1748 1948 3
1749 1949 4
1750 1950 3
1751 1951 4
1752 1952 4
1753 1953 4
1754 1954 4
1755 1955 4
1756 1956 4
1757 1957 4
1758 1958 3
1759 1959 3
1760 1960 3
1761 1961 3
1762 1962 4
1763 1963 4
1764 1964 3
1765 1965 4
1766 1966 3
1767 1967 4
1768 1968 3
1769 1969 4
1770 1970 4
1771 1971 4
1772 1972 4
1773 1973 3
1774 1974 4
1775 1975 4
1776 1976 3
1777 1977 4
1778 1978 4
1779 1979 4
1780 1980 3
1781 1981 4
1782 1982 4
1783 1983 4
1784 1984 3
1785 1985 3
1786 1986 2
1787 1987 3
1788 1988 4
1789 1989 4
1790 1990 4
1791 1991 4
1792 1992 3
1793 1993 5
1794 1994 4
1795 1995 4
1796 1996 3
1797 1997 4
1798 1998 4
1799 1999 3
1800 2000 4
1801 2001 4
1802 2002 3
1803 2003 4
1804 2004 3
1805 2005 4
1806 2006 4
1807 2007 3
1808 2008 4
1809 2009 4
1810 2010 3
1811 2011 4
1812 2012 3
1813 2013 4
1814 2014 5
1815 2015 4
1816 2016 5
1817 2017 4
1818 2018 6
1819 2019 4
1820 2020 4
1821 2021 4
1822 2022 4
1823 2023 4
1824 2024 4
1825 2025 4
1826 2026 6
1827 2027 6
1828 2028 5
1829 2029 4
1830 2030 5
1831 2031 5
1832 2032 5
1833 2033 5
1834 2034 4
1835 2035 4
1836 2036 4
1837 2037 2
1838 2038 2
1839 2039 3
1840 2040 4
1841 2041 4
1842 2042 3
1843 2043 4
1844 2044 3
1845 2045 1
1846 2046 2
1847 2047 3
1848 2048 3
1849 2049 3
1850 2050 2
1851 2051 3
1852 2052 1
1853 2053 1
1854 2054 1
1855 2055 1
1856 2056 1
1857 2057 1
1858 2058 1
1859 2059 1
1860 2060 1
1861 2061 3
1862 2062 1
1863 2063 1
1864 2064 1
1865 2065 1
1866 2066 1
1867 2067 1
1868 2068 1
1869 2069 1
1870 2070 1
1871 2071 1
1872 2072 1
1873 2073 1
1874 2074 1
1875 2075 1
1876 2076 1
1877 2077 1
1878 2078 3
1879 2079 1
1880 2080 1
1881 2081 3
1882 2082 3
1883 2083 4
1884 2084 3
1885 2085 3
1886 2086 3
1887 2087 1
1888 2088 2
1889 2089 3
1890 2090 2
1891 2091 1
1892 2092 1
1893 2093 1
1894 2094 1
1895 2095 1
1896 2096 1
1897 2097 1
1898 2098 2
1899 2099 1
1900 2100 1
1901 2101 1
1902 2102 1
1903 2103 1
1904 2104 1
1905 2105 1
1906 2106 1
1907 2107 1
1908 2108 1
1909 2109 1
1910 2110 1
1911 2111 1
1912 2112 1
1913 2113 1
1914 2114 1
1915 2115 1
1916 2116 3
1917 2117 1
1918 2118 2
1919 2119 2
1920 2120 3
1921 2121 2
1922 2122 2
1923 2123 2
1924 2124 2
1925 2125 2
1926 2126 2
1927 2127 2
1928 2128 2
1929 2129 2
1930 2130 2
1931 2131 2
1932 2132 2
1933 2133 2
1934 2134 2
1935 2135 2
1936 2136 2
1937 2137 2
1938 2138 2
1939 2139 2
1940 2140 3
1941 2141 3
1942 2142 3
1943 2143 3
1944 2144 4
1945 2145 3
1946 2146 3
1947 2147 3
1948 2148 3
1949 2149 2
1950 2150 3
1951 2151 2
1952 2152 2
1953 2153 3
1954 2154 2
1955 2155 1
1956 2156 2
1957 2157 2
1958 2158 3
1959 2159 3
1960 2160 2
1961 2161 3
1962 2162 4
1963 2163 3
1964 2164 3
1965 2165 4
1966 2166 3
1967 2167 3
1968 2168 3
1969 2169 2
1970 2170 3
1971 2171 3
1972 2172 3
1973 2173 4
1974 2174 4
1975 2175 3
1976 2176 3
1977 2177 4
1978 2178 2
1979 2179 3
1980 2180 4
1981 2181 2
1982 2182 4
1983 2183 4
1984 2184 3
1985 2185 4
1986 2186 4
1987 2187 4
1988 2188 4
1989 2189 3
1990 2190 2
1991 2191 3
1992 2192 3
1993 2193 3
1994 2194 2
1995 2195 2
1996 2196 3
1997 2197 2
1998 2198 2
1999 2199 3
2000 2200 2
2001 2201 2
2002 2202 3
2003 2203 2
2004 2204 2
2005 2205 2
2006 2206 2
2007 2207 1
2008 2208 2
2009 2209 3
2010 2210 4
2011 2211 3
2012 2212 2
2013 2213 1
2014 2214 3
2015 2215 3
2016 2216 2
2017 2217 4
2018 2218 4
2019 2219 2
2020 2220 2
2021 2221 2
2022 2222 3
2023 2223 4
2024 2224 5
2025 2225 2
2026 2226 1
2027 2227 2
2028 2228 2
2029 2229 2
2030 2230 2
2031 2231 2
2032 2232 2
2033 2233 2
2034 2234 1
2035 2235 2
2036 2236 1
2037 2237 2
2038 2238 1
2039 2239 3
2040 2240 3
2041 2241 3
2042 2242 2
2043 2243 2
2044 2244 2
2045 2245 2
2046 2246 3
2047 2247 3
2048 2248 2
2049 2249 3
2050 2250 3
2051 2251 2
2052 2252 2
2053 2253 2
2054 2254 2
2055 2255 5
2056 2256 3
2057 2257 3
2058 2258 2
2059 2259 3
2060 2260 4
2061 2261 4
2062 2262 4
2063 2263 2
2064 2264 2
2065 2265 1
2066 2266 2
2067 2267 2
2068 2268 1
2069 2269 2
2070 2270 1
2071 2271 2
2072 2272 3
2073 2273 3
2074 2274 2
2075 2275 2
2076 2276 3
2077 2277 2
2078 2278 1
2079 2279 3
2080 2280 2
2081 2281 4
2082 2282 3
2083 2283 3
2084 2284 3
2085 2285 3
2086 2286 1
2087 2287 1
2088 2288 3
2089 2289 2
2090 2290 2
2091 2291 3
2092 2292 2
2093 2293 3
2094 2294 2
2095 2295 1
2096 2296 3
2097 2297 2
2098 2298 2
2099 2299 3
2100 2300 2
2101 2301 2
2102 2302 2
2103 2303 2
2104 2304 2
2105 2305 3
2106 2306 2
2107 2307 2
2108 2308 2
2109 2309 1
2110 2310 2
2111 2311 2
2112 2312 1
2113 2313 2
2114 2314 2
2115 2315 2
2116 2316 2
2117 2317 2
2118 2318 2
2119 2319 2
2120 2320 1
2121 2321 2
2122 2322 1
2123 2323 1
2124 2324 1
2125 2325 2
2126 2326 2
2127 2327 3
2128 2328 2
2129 2329 2
2130 2330 2
2131 2331 4
2132 2332 2
2133 2333 2
2134 2334 2
2135 2335 2
2136 2336 2
2137 2337 2
2138 2338 2
2139 2339 2
2140 2340 2
2141 2341 2
2142 2342 2
2143 2343 2
2144 2344 3
2145 2345 3
2146 2346 4
2147 2347 1
2148 2348 3
2149 2349 3
2150 2350 4
2151 2351 4
2152 2352 2
2153 2353 1
2154 2354 1
2155 2355 2
2156 2356 2
2157 2357 1
2158 2358 1
2159 2359 1
2160 2360 1
2161 2361 1
2162 2362 1
2163 2363 1
2164 2364 1
2165 2365 2
2166 2366 1
2167 2367 2
2168 2368 1
2169 2369 1
2170 2370 1
2171 2371 1
2172 2372 1
2173 2373 1
2174 2374 1
2175 2375 1
2176 2376 1
2177 2377 1
2178 2378 1
2179 2379 1
2180 2380 1
2181 2381 1
2182 2382 1
2183 2383 1
2184 2384 2
2185 2385 1
2186 2386 2
2187 2387 2
2188 2388 2
2189 2389 4
2190 2390 2
2191 2391 1
2192 2392 1
2193 2393 2
2194 2394 1
2195 2395 1
2196 2396 1
2197 2397 2
2198 2398 1
2199 2399 1
2200 2400 1
2201 2401 1
2202 2402 1
2203 2403 1
2204 2404 1
2205 2405 3
2206 2406 4
2207 2407 1
2208 2408 1
2209 2409 1
2210 2410 1
2211 2411 1
2212 2412 1
2213 2413 1
2214 2414 1
2215 2415 2
2216 2416 2
2217 2417 2
2218 2418 2
2219 2419 3
2220 2420 1
2221 2421 1
2222 2422 2
2223 2423 2
2224 2424 4
2225 2425 3
2226 2426 1
2227 2427 1
2228 2428 1
2229 2429 1
2230 2430 1
2231 2431 1
2232 2432 1
2233 2433 1
2234 2434 2
2235 2435 5
2236 2436 1
2237 2437 1
2238 2438 2
2239 2439 2
2240 2440 1
2241 2441 1
2242 2442 1
2243 2443 1
2244 2444 1
2245 2445 3
2246 2446 2
2247 2447 2
2248 2448 1
2249 2449 1
2250 2450 2
2251 2451 2
2252 2452 1
2253 2453 1
2254 2454 2
2255 2455 1
2256 2456 1
2257 2457 1
2258 2458 1
2259 2459 2
2260 2460 2
2261 2461 2
2262 2462 2
2263 2463 3
2264 2464 2
2265 2465 3
2266 2466 3
2267 2467 3
2268 2468 3
2269 2469 3
2270 2470 1
2271 2471 1
2272 2472 1
2273 2473 2
2274 2474 4
2275 2475 3
2276 2476 3
2277 2477 1
2278 2478 1
2279 2479 3
2280 2480 1
2281 2481 3
2282 2482 3
2283 2483 1
2284 2484 1
2285 2485 1
2286 2486 1
2287 2487 1
2288 2488 4
2289 2489 3
2290 2490 4
2291 2491 3
2292 2492 2
2293 2493 3
2294 2494 3
2295 2495 3
2296 2496 3
2297 2497 3
2298 2498 1
2299 2499 2
2300 2500 2
2301 2501 2
2302 2502 5
2303 2503 5
2304 2504 1
2305 2505 1
2306 2506 2
2307 2507 2
2308 2508 3
2309 2509 2
2310 2510 4
2311 2511 4
2312 2512 1
2313 2513 2
2314 2514 6
2315 2515 1
2316 2516 3
2317 2517 3
2318 2518 3
2319 2519 2
2320 2520 1
2321 2521 3
2322 2522 1
2323 2523 4
2324 2524 3
2325 2525 2
2326 2526 3
2327 2527 3
2328 2528 4
2329 2529 3
2330 2530 2
2331 2531 2
2332 2532 2
2333 2533 1
2334 2534 3
2335 2535 2
2336 2536 2
2337 2537 2
2338 2538 2
2339 2539 2
2340 2540 3
2341 2541 3
2342 2542 2
2343 2543 2
2344 2544 2
2345 2545 3
2346 2546 1
2347 2547 1
2348 2548 1
2349 2549 1
2350 2550 1
2351 2551 1
2352 2552 1
2353 2553 1
2354 2554 1
2355 2555 1
2356 2556 2
2357 2557 2
2358 2558 1
2359 2559 7
2360 2560 7
2361 2561 8
2362 2562 1
2363 2563 1
2364 2564 5
2365 2565 2
2366 2566 5
2367 2567 1
2368 2568 2
2369 2569 5
2370 2570 2
2371 2571 1
2372 2572 1
2373 2573 2
2374 2574 2
2375 2575 2
2376 2576 1
2377 2577 2
2378 2578 1
2379 2579 3
2380 2580 2
2381 2581 2
2382 2582 4
2383 2583 4
2384 2584 2
2385 2585 1
2386 2586 2
2387 2587 1
2388 2588 2
2389 2589 1
2390 2590 9
2391 2591 1
2392 2592 1
2393 2593 2
2394 2594 1
2395 2595 1
2396 2596 1
2397 2597 1
2398 2598 1
2399 2599 1
2400 2600 1
2401 2601 2
2402 2602 2
2403 2603 1
2404 2604 1
2405 2605 1
2406 2606 1
2407 2607 2
2408 2608 2
2409 2609 2
2410 2610 3
2411 2611 1
2412 2612 2
2413 2613 2
2414 2614 2
2415 2615 1
2416 2616 1
2417 2617 1
2418 2618 1
2419 2619 1
2420 2620 2
2421 2621 1
2422 2622 1
2423 2623 1
2424 2624 1
2425 2625 1
2426 2626 1
2427 2627 1
2428 2628 1
2429 2629 1
2430 2630 1
2431 2631 1
2432 2632 1
2433 2633 1
2434 2634 2
2435 2635 1
2436 2636 1
2437 2637 1
2438 2638 2
2439 2639 2
2440 2640 10
2441 2641 1
2442 2642 1
2443 2643 2
2444 2644 1
2445 2645 1
2446 2646 2
2447 2647 1
2448 2648 1
2449 2649 2
2450 2650 1
2451 2651 2
2452 2652 3
2453 2653 1
2454 2654 1
2455 2655 1
2456 2656 4
2457 2657 2
2458 2658 2
2459 2659 1
2460 2660 1
2461 2661 2
2462 2662 1
2463 2663 1
2464 2664 1
2465 2665 1
2466 2666 1
2467 2667 1
2468 2668 1
2469 2669 1
2470 2670 1
2471 2671 2
2472 2672 1
2473 2673 3
2474 2674 3
2475 2675 2
2476 2676 1
2477 2677 1
2478 2678 1
2479 2679 1
2480 2680 2
2481 2681 1
2482 2682 1
2483 2683 1
2484 2684 1
2485 2685 1
2486 2686 1
2487 2687 1
2488 2688 1
2489 2689 1
2490 2690 1
2491 2691 2
2492 2692 1
2493 2693 2
2494 2694 2
2495 2695 1
2496 2696 1
2497 2697 2
2498 2698 2
2499 2699 2
2500 2700 4
2501 2701 3
2502 2702 3
2503 2703 3
2504 2704 4
2505 2705 6
2506 2706 4
2507 2707 7
2508 2708 6
2509 2709 6
2510 2710 7
2511 2711 5
2512 2712 9
2513 2713 6
2514 2714 3
2515 2715 3
2516 2716 4
2517 2717 3
2518 2718 9
2519 2719 2
2520 2720 2
2521 2721 2
2522 2722 1
2523 2723 1
2524 2724 1
2525 2725 1
2526 2726 1
2527 2727 1
2528 2728 2
2529 2729 2
2530 2730 3
2531 2731 2
2532 2732 2
2533 2733 2
2534 2734 2
2535 2735 2
2536 2736 2
2537 2737 3
2538 2738 2
2539 2739 2
2540 2740 2
2541 2741 2
2542 2742 2
2543 2743 1
2544 2744 2
2545 2745 1
2546 2746 1
2547 2747 1
2548 2748 1
2549 2749 3
2550 2750 1
2551 2751 1
2552 2752 1
2553 2753 1
2554 2754 2
2555 2755 2
2556 2756 2
2557 2757 1
2558 2758 1
2559 2759 1
2560 2760 1
2561 2761 1
2562 2762 1
2563 2763 1
2564 2764 1
2565 2765 2
2566 2766 1
2567 2767 1
2568 2768 2
2569 2769 2
2570 2770 2
2571 2771 1
2572 2772 3
2573 2773 2
2574 2774 2
2575 2775 1
2576 2776 1
2577 2777 2
2578 2778 1
2579 2779 1
2580 2780 1
2581 2781 1
2582 2782 1
2583 2783 2
2584 2784 1
2585 2785 1
2586 2786 1
2587 2787 1
2588 2788 2
2589 2789 2
2590 2790 1
2591 2791 1
2592 2792 1
2593 2793 1
2594 2794 1
2595 2795 2
2596 2796 2
2597 2797 2
2598 2798 1
2599 2799 2
2600 2800 1
2601 2801 2
2602 2802 1
2603 2803 1
2604 2804 5
2605 2805 2
2606 2806 2
2607 2807 1
2608 2808 2
2609 2809 1
2610 2810 2
2611 2811 2
2612 2812 5
2613 2813 2
2614 2814 2
2615 2815 2
2616 2816 5
2617 2817 7
2618 2818 4
2619 2819 1
2620 2820 2
2621 2821 1
2622 2822 1
2623 2823 5
2624 2824 3
2625 2825 1
2626 2826 1
2627 2827 5
2628 2828 4
2629 2829 2
2630 2830 4
2631 2831 2
2632 2832 4
2633 2833 2
2634 2834 4
2635 2835 5
2636 2836 4
2637 2837 4
2638 2838 5
2639 2839 2
2640 2840 2
2641 2841 2
2642 2842 2
2643 2843 3
2644 2844 4
2645 2845 5
2646 2846 5
2647 2847 4
2648 2848 4
2649 2849 5
2650 2850 6
2651 2851 2
2652 2852 2
2653 2853 2
2654 2854 4
2655 2855 2
2656 2856 6
2657 2857 6
2658 2858 5
2659 2859 3
2660 2860 4
2661 2861 2
2662 2862 4
2663 2863 6
2664 2864 6
2665 2865 2
2666 2866 3
2667 2867 4
2668 2868 3
2669 2869 2
2670 2870 2
2671 2871 1
2672 2872 1
2673 2873 6
2674 2874 8
2675 2875 2
2676 2876 2
2677 2877 2
2678 2878 3
2679 2879 3
2680 2880 2
2681 2881 5
2682 2882 6
2683 2883 2
2684 2884 2
2685 2885 3
2686 2886 2
2687 2887 8
2688 2888 4
2689 2889 4
2690 2890 8
2691 2891 4
2692 2892 7
2693 2893 5
2694 2894 2
2695 2895 2
2696 2896 1
2697 2897 2
2698 2898 4
2699 2899 4
2700 2900 4
2701 2901 5
2702 2902 4
2703 2903 3
2704 2904 2
2705 2905 2
2706 2906 9
2707 2907 6
2708 2908 7
2709 2909 7
2710 2910 6
2711 2911 5
2712 2912 4
2713 2913 4
2714 2914 4
2715 2915 3
2716 2916 3
2717 2917 2
2718 2918 2
2719 2919 2
2720 2920 8
2721 2921 3
2722 2922 3
2723 2923 4
2724 2924 3
2725 2925 7
2726 2926 6
2727 2927 4
2728 2928 4
2729 2929 6
2730 2930 6
2731 2931 5
2732 2932 5
2733 2933 4
2734 2934 9
2735 2935 7
2736 2936 11
2737 2937 7
2738 2938 7
2739 2939 6
2740 2940 3
2741 2941 6
2742 2942 8
2743 2943 9
2744 2944 11
2745 2945 7
2746 2946 8
2747 2947 9
2748 2948 8
2749 2949 9
2750 2950 7
2751 2951 6
2752 2952 5
2753 2953 5
2754 2954 3
2755 2955 2
2756 2956 2
2757 2957 1
2758 2958 1
2759 2959 2
2760 2960 2
2761 2961 4
2762 2962 4
2763 2963 5
2764 2964 6
2765 2965 7
2766 2966 4
2767 2967 4
2768 2968 4
2769 2969 4
2770 2970 4
2771 2971 5
2772 2972 4
2773 2973 5
2774 2974 4
2775 2975 3
2776 2976 2
2777 2977 3
2778 2978 2
2779 2979 5
2780 2980 4
2781 2981 1
2782 2982 2
2783 2983 2
2784 2984 5
2785 2985 3
2786 2986 4
2787 2987 3
2788 2988 2
2789 2989 7
2790 2990 8
2791 2991 6
2792 2992 5
2793 2993 9
2794 2994 2
2795 2995 4
2796 2996 2
2797 2997 2
2798 2998 4
2799 2999 4
2800 3000 2
2801 3001 2
2802 3002 6
2803 3003 2
2804 3004 2
2805 3005 2
2806 3006 5
2807 3007 3
2808 3008 4
2809 3009 4
2810 3010 1
2811 3011 2
2812 3012 2
2813 3013 3
2814 3014 4
2815 3015 4
2816 3016 2
2817 3017 5
2818 3018 4
2819 3019 3
2820 3020 2
2821 3021 4
2822 3022 3
2823 3023 2
2824 3024 2
2825 3025 2
2826 3026 6
2827 3027 2
2828 3028 4
2829 3029 3
2830 3030 5
2831 3031 5
2832 3032 4
2833 3033 4
2834 3034 2
2835 3035 2
2836 3036 2
2837 3037 5
2838 3038 3
2839 3039 6
2840 3040 5
2841 3041 7
2842 3042 9
2843 3043 4
2844 3044 9
2845 3045 3
2846 3046 12
2847 3047 7
2848 3048 3
2849 3049 4
2850 3050 4
2851 3051 4
2852 3052 9
2853 3053 2
2854 3054 4
2855 3055 3
2856 3056 4
2857 3057 5
2858 3058 7
2859 3059 2
2860 3060 2
2861 3061 6
2862 3062 4
2863 3063 2
2864 3064 2
2865 3065 2
2866 3066 2
2867 3067 6
2868 3068 6
2869 3069 7
2870 3070 5
2871 3071 6
2872 3072 2
2873 3073 2
2874 3074 9
2875 3075 5
2876 3076 4
2877 3077 4
2878 3078 5
2879 3079 7
2880 3080 8
2881 3081 6
2882 3082 6
2883 3083 5
2884 3084 6
2885 3085 7
2886 3086 6
2887 3087 6
2888 3088 5
2889 3089 5
2890 3090 7
2891 3091 7
2892 3092 7
2893 3093 4
2894 3094 4
2895 3095 3
2896 3096 4
2897 3097 4
2898 3098 3
2899 3099 4
2900 3100 4
2901 3101 3
2902 3102 3
2903 3103 6
2904 3104 2
2905 3105 3
2906 3106 4
2907 3107 4
2908 3108 3
2909 3109 3
2910 3110 3
2911 3111 5
2912 3112 6
2913 3113 3
2914 3114 4
2915 3115 4
2916 3116 2
2917 3117 4
2918 3118 3
2919 3119 4
2920 3120 3
2921 3121 2
2922 3122 2
2923 3123 2
2924 3124 2
2925 3125 2
2926 3126 2
2927 3127 3
2928 3128 2
2929 3129 3
2930 3130 2
2931 3131 3
2932 3132 3
2933 3133 3
2934 3134 5
2935 3135 4
2936 3136 3
2937 3137 4
2938 3138 3
2939 3139 3
2940 3140 2
2941 3141 2
2942 3142 2
2943 3143 3
2944 3144 2
2945 3145 2
2946 3146 2
2947 3147 3
2948 3148 2
2949 3149 2
2950 3150 3
2951 3151 2
2952 3152 2
2953 3153 2
2954 3154 2
2955 3155 3
2956 3156 3
2957 3157 4
2958 3158 4
2959 3159 2
2960 3160 4
2961 3161 4
2962 3162 5
2963 3163 6
2964 3164 2
2965 3165 3
2966 3166 6
2967 3167 3
2968 3168 3
2969 3169 2
2970 3170 7
2971 3171 7
2972 3172 6
2973 3173 4
2974 3174 6
2975 3175 2
2976 3176 4
2977 3177 3
2978 3178 3
2979 3179 2
2980 3180 3
2981 3181 3
2982 3182 3
2983 3183 2
2984 3184 2
2985 3185 2
2986 3186 2
2987 3187 2
2988 3188 3
2989 3189 5
2990 3190 5
2991 3191 3
2992 3192 2
2993 3193 2
2994 3194 2
2995 3195 2
2996 3196 2
2997 3197 2
2998 3198 3
2999 3199 3
3000 3200 2
3001 3201 2
3002 3202 4
3003 3203 4
3004 3204 5
3005 3205 4
3006 3206 5
3007 3207 7
3008 3208 4
3009 3209 11
3010 3210 11
3011 3211 5
3012 3212 6
3013 3213 6
3014 3214 5
3015 3215 5
3016 3216 3
3017 3217 6
3018 3218 5
3019 3219 4
3020 3220 4
3021 3221 3
3022 3222 2
3023 3223 4
3024 3224 4
3025 3225 2
3026 3226 4
3027 3227 2
3028 3228 2
3029 3229 2
3030 3230 2
3031 3231 2
3032 3232 2
3033 3233 2
3034 3234 2
3035 3235 2
3036 3236 2
3037 3237 2
3038 3238 1
3039 3239 2
3040 3240 3
3041 3241 5
3042 3242 2
3043 3243 1
3044 3244 4
3045 3245 3
3046 3246 2
3047 3247 4
3048 3248 4
3049 3249 2
3050 3250 2
3051 3251 2
3052 3252 5
3053 3253 2
3054 3254 3
3055 3255 4
3056 3256 2
3057 3257 6
3058 3258 2
3059 3259 2
3060 3260 4
3061 3261 5
3062 3262 6
3063 3263 2
3064 3264 2
3065 3265 2
3066 3266 2
3067 3267 2
3068 3268 2
3069 3269 4
3070 3270 6
3071 3271 2
3072 3272 4
3073 3273 2
3074 3274 6
3075 3275 4
3076 3276 2
3077 3277 2
3078 3278 2
3079 3279 2
3080 3280 2
3081 3281 1
3082 3282 2
3083 3283 3
3084 3284 3
3085 3285 2
3086 3286 1
3087 3287 1
3088 3288 2
3089 3289 2
3090 3290 3
3091 3291 2
3092 3292 4
3093 3293 6
3094 3294 6
3095 3295 7
3096 3296 6
3097 3297 8
3098 3298 4
3099 3299 2
3100 3300 2
3101 3301 1
3102 3302 2
3103 3303 4
3104 3304 4
3105 3305 3
3106 3306 4
3107 3307 4
3108 3308 2
3109 3309 3
3110 3310 2
3111 3311 2
3112 3312 3
3113 3313 3
3114 3314 4
3115 3315 2
3116 3316 5
3117 3317 5
3118 3318 4
3119 3319 5
3120 3320 6
3121 3321 5
3122 3322 6
3123 3323 6
3124 3324 4
3125 3325 7
3126 3326 4
3127 3327 5
3128 3328 6
3129 3329 4
3130 3330 4
3131 3331 5
3132 3332 5
3133 3333 5
3134 3334 2
3135 3335 2
3136 3336 3
3137 3337 2
3138 3338 1
3139 3339 2
3140 3340 2
3141 3341 4
3142 3342 2
3143 3343 2
3144 3344 4
3145 3345 1
3146 3346 5
3147 3347 2
3148 3348 2
3149 3349 2
3150 3350 4
3151 3351 1
3152 3352 1
3153 3353 2
3154 3354 1
3155 3355 1
3156 3356 2
3157 3357 1
3158 3358 1
3159 3359 2
3160 3360 2
3161 3361 1
3162 3362 1
3163 3363 1
3164 3364 2
3165 3365 4
3166 3366 2
3167 3367 2
3168 3368 2
3169 3369 3
3170 3370 2
3171 3371 3
3172 3372 2
3173 3373 3
3174 3374 1
3175 3375 7
3176 3376 6
3177 3377 2
3178 3378 4
3179 3379 6
3180 3380 4
3181 3381 2
3182 3382 2
3183 3383 3
3184 3384 4
3185 3385 4
3186 3386 4
3187 3387 6
3188 3388 5
3189 3389 5
3190 3390 2
3191 3391 6
3192 3392 6
3193 3393 7
3194 3394 7
3195 3395 6
3196 3396 5
3197 3397 5
3198 3398 7
3199 3399 5
3200 3400 7
3201 3401 3
3202 3402 7
3203 3403 3
3204 3404 6
3205 3405 6
3206 3406 6
3207 3407 7
3208 3408 4
3209 3409 8
3210 3410 5
3211 3411 6
3212 3412 7
3213 3413 9
3214 3414 8
3215 3415 6
3216 3416 7
3217 3417 7
3218 3418 7
3219 3419 5
3220 3420 6
3221 3421 6
3222 3422 4
3223 3423 9
3224 3424 2
3225 3425 6
3226 3426 3
3227 3427 6
3228 3428 6
3229 3429 6
3230 3430 6
3231 3431 2
3232 3432 2
3233 3433 7
3234 3434 8
3235 3435 6
3236 3436 6
3237 3437 2
3238 3438 6
3239 3439 5
3240 3440 6
3241 3441 3
3242 3442 5
3243 3443 3
3244 3444 2
3245 3445 7
3246 3446 7
3247 3447 8
3248 3448 7
3249 3449 5
3250 3450 4
3251 3451 2
3252 3452 5
3253 3453 5
3254 3454 2
3255 3455 7
3256 3456 7
3257 3457 5
3258 3458 4
3259 3459 7
3260 3460 5
3261 3461 4
3262 3462 4
3263 3463 5
3264 3464 4
3265 3465 5
3266 3466 4
3267 3467 6
3268 3468 5
3269 3469 3
3270 3470 4
3271 3471 6
3272 3472 1
3273 3473 1
3274 3474 1
3275 3475 4
3276 3476 6
3277 3477 2
3278 3478 3
3279 3479 2
3280 3480 2
3281 3481 3
3282 3482 2
3283 3483 1
3284 3484 1
3285 3485 5
3286 3486 4
3287 3487 2
3288 3488 4
3289 3489 3
3290 3490 1
3291 3491 3
3292 3492 2
3293 3493 4
3294 3494 4
3295 3495 3
3296 3496 5
3297 3497 3
3298 3498 3
3299 3499 3
3300 3500 6
3301 3501 8
3302 3502 5
3303 3503 6
3304 3504 5
3305 3505 6
3306 3506 6
3307 3507 5
3308 3508 6
3309 3509 7
3310 3510 5
3311 3511 6
3312 3512 5
3313 3513 6
3314 3514 5
3315 3515 5
3316 3516 5
3317 3517 6
3318 3518 6
3319 3519 3
3320 3520 1
3321 3521 2
3322 3522 2
3323 3523 1
3324 3524 3
3325 3525 2
3326 3526 2
3327 3527 2
3328 3528 2
3329 3529 4
3330 3530 2
3331 3531 2
3332 3532 2
3333 3533 4
3334 3534 3
3335 3535 5
3336 3536 5
3337 3537 4
3338 3538 4
3339 3539 3
3340 3540 3
3341 3541 5
3342 3542 2
3343 3543 4
3344 3544 2
3345 3545 1
3346 3546 2
3347 3547 5
3348 3548 3
3349 3549 8
3350 3550 6
3351 3551 5
3352 3552 4
3353 3553 4
3354 3554 1
3355 3555 3
3356 3556 1
3357 3557 1
3358 3558 5
3359 3559 3
3360 3560 5
3361 3561 2
3362 3562 3
3363 3563 1
3364 3564 1
3365 3565 1
3366 3566 1
3367 3567 2
3368 3568 2
3369 3569 2
3370 3570 2
3371 3571 2
3372 3572 5
3373 3573 8
3374 3574 6
3375 3575 2
3376 3576 2
3377 3577 3
3378 3578 2
3379 3579 10
3380 3580 7
3381 3581 3
3382 3582 5
3383 3583 2
3384 3584 2
3385 3585 5
3386 3586 3
3387 3587 2
3388 3588 4
3389 3589 3
3390 3590 3
3391 3591 3
3392 3592 1
3393 3593 1
3394 3594 2
3395 3595 1
3396 3596 4
3397 3597 6
3398 3598 5
3399 3599 7
3400 3600 6
3401 3601 7
3402 3602 7
3403 3603 7
3404 3604 5
3405 3605 7
3406 3606 6
3407 3607 2
3408 3608 2
3409 3609 5
3410 3610 2
3411 3611 2
3412 3612 5
3413 3613 2
3414 3614 2
3415 3615 2
3416 3616 2
3417 3617 2
3418 3618 2
3419 3619 6
3420 3620 7
3421 3621 2
3422 3622 2
3423 3623 5
3424 3624 1
3425 3625 5
3426 3626 2
3427 3627 2
3428 3628 2
3429 3629 2
3430 3630 2
3431 3631 5
3432 3632 5
3433 3633 5
3434 3634 3
3435 3635 2
3436 3636 2
3437 3637 2
3438 3638 6
3439 3639 2
3440 3640 5
3441 3641 2
3442 3642 2
3443 3643 2
3444 3644 2
3445 3645 2
3446 3646 2
3447 3647 1
3448 3648 1
3449 3649 1
3450 3650 2
3451 3651 2
3452 3652 2
3453 3653 2
3454 3654 2
3455 3655 3
3456 3656 2
3457 3657 3
3458 3658 2
3459 3659 2
3460 3660 3
3461 3661 3
3462 3662 2
3463 3663 3
3464 3664 4
3465 3665 5
3466 3666 3
3467 3667 5
3468 3668 3
3469 3669 2
3470 3670 3
3471 3671 3
3472 3672 2
3473 3673 4
3474 3674 4
3475 3675 2
3476 3676 2
3477 3677 2
3478 3678 2
3479 3679 5
3480 3680 2
3481 3681 3
3482 3682 3
3483 3683 2
3484 3684 2
3485 3685 2
3486 3686 2
3487 3687 2
3488 3688 2
3489 3689 2
3490 3690 3
3491 3691 2
3492 3692 2
3493 3693 2
3494 3694 2
3495 3695 2
3496 3696 2
3497 3697 2
3498 3698 4
3499 3699 2
3500 3700 2
3501 3701 2
3502 3702 2
3503 3703 2
3504 3704 2
3505 3705 2
3506 3706 2
3507 3707 2
3508 3708 2
3509 3709 2
3510 3710 2
3511 3711 2
3512 3712 2
3513 3713 2
3514 3714 3
3515 3715 2
3516 3716 6
3517 3717 2
3518 3718 4
3519 3719 6
3520 3720 2
3521 3721 2
3522 3722 2
3523 3723 2
3524 3724 6
3525 3725 5
3526 3726 6
3527 3727 6
3528 3728 6
3529 3729 4
3530 3730 2
3531 3731 2
3532 3732 5
3533 3733 5
3534 3734 7
3535 3735 5
3536 3736 6
3537 3737 5
3538 3738 4
3539 3739 5
3540 3740 2
3541 3741 5
3542 3742 2
3543 3743 1
3544 3744 2
3545 3745 2
3546 3746 2
3547 3747 2
3548 3748 2
3549 3749 2
3550 3750 2
3551 3751 2
3552 3752 2
3553 3753 2
3554 3754 2
3555 3755 2
3556 3756 2
3557 3757 2
3558 3758 2
3559 3759 2
3560 3760 2
3561 3761 3
3562 3762 2
3563 3763 2
3564 3764 2
3565 3765 2
3566 3766 2
3567 3767 2
3568 3768 2
3569 3769 2
3570 3770 2
3571 3771 2
3572 3772 2
3573 3773 2
3574 3774 2
3575 3775 2
3576 3776 2
3577 3777 2
3578 3778 2
3579 3779 3
3580 3780 2
3581 3781 5
3582 3782 2
3583 3783 2
3584 3784 2
3585 3785 2
3586 3786 2
3587 3787 5
3588 3788 2
3589 3789 5
3590 3790 6
3591 3791 2
3592 3792 6
3593 3793 5
3594 3794 2
3595 3795 2
3596 3796 5
3597 3797 6
3598 3798 5
3599 3799 2
3600 3800 2
3601 3801 2
3602 3802 2
3603 3803 2
3604 3804 2
3605 3805 2
3606 3806 2
3607 3807 4
3608 3808 6
3609 3809 2
3610 3810 2
3611 3811 7
3612 3812 6
3613 3813 6
3614 3814 3
3615 3815 2
3616 3816 2
3617 3817 2
3618 3818 2
3619 3819 2
3620 3820 2
3621 3821 2
3622 3822 5
3623 3823 4
3624 3824 4
3625 3825 1
3626 3826 1
3627 3827 1
3628 3828 5
3629 3829 1
3630 3830 2
3631 3831 1
3632 3832 2
3633 3833 1
3634 3834 1
3635 3835 2
3636 3836 1
3637 3837 1
3638 3838 2
3639 3839 1
3640 3840 2
3641 3841 1
3642 3842 1
3643 3843 1
3644 3844 2
3645 3845 2
3646 3846 2
3647 3847 2
3648 3848 2
3649 3849 3
3650 3850 3
3651 3851 1
3652 3852 2
3653 3853 6
3654 3854 2
3655 3855 2
3656 3856 2
3657 3857 1
3658 3858 2
3659 3859 1
3660 3860 1
3661 3861 1
3662 3862 1
3663 3863 1
3664 3864 1
3665 3865 1
3666 3866 1
3667 3867 1
3668 3868 1
3669 3869 1
3670 3870 1
3671 3871 2
3672 3872 1
3673 3873 2
3674 3874 1
3675 3875 1
3676 3876 1
3677 3877 1
3678 3878 1
3679 3879 1
3680 3880 1
3681 3881 1
3682 3882 1
3683 3883 1
3684 3884 1
3685 3885 1
3686 3886 1
3687 3887 1
3688 3888 1
3689 3889 3
3690 3890 2
3691 3891 2
3692 3892 1
3693 3893 1
3694 3894 2
3695 3895 1
3696 3896 2
3697 3897 2
3698 3898 3
3699 3899 2
3700 3900 1
3701 3901 1
3702 3902 1
3703 3903 1
3704 3904 1
3705 3905 1
3706 3906 1
3707 3907 1
3708 3908 1
3709 3909 1
3710 3910 2
3711 3911 1
3712 3912 1
3713 3913 2
3714 3914 1
3715 3915 2
3716 3916 1
3717 3917 2
3718 3918 1
3719 3919 1
3720 3920 1
3721 3921 1
3722 3922 1
3723 3923 1
3724 3924 2
3725 3925 1
3726 3926 1
3727 3927 1
3728 3928 2
3729 3929 3
3730 3930 2
3731 3931 3
3732 3932 2
3733 3933 2
3734 3934 2
3735 3935 3
3736 3936 2
3737 3937 2
3738 3938 4
3739 3939 1
3740 3940 2
3741 3941 1
3742 3942 1
3743 3943 1
3744 3944 2
3745 3945 2
3746 3946 2
3747 3947 2
3748 3948 1
3749 3949 2
3750 3950 2
3751 3951 1
3752 3952 2
3753 3953 1
3754 3954 1
3755 3955 1
3756 3956 1
3757 3957 2
3758 3958 1
3759 3959 1
3760 3960 1
3761 3961 1
3762 3962 1
3763 3963 1
3764 3964 1
3765 3965 1
3766 3966 1
3767 3967 2
3768 3968 1
3769 3969 1
3770 3970 1
3771 3971 1
3772 3972 1
3773 3973 1
3774 3974 1
3775 3975 1
3776 3976 1
3777 3977 2
3778 3978 2
3779 3979 1
3780 3980 1
3781 3981 1
3782 3982 1
3783 3983 1
3784 3984 1
3785 3985 1
3786 3986 1
3787 3987 1
3788 3988 1
3789 3989 1
3790 3990 1
3791 3991 3
3792 3992 1
3793 3993 1
3794 3994 1
3795 3995 1
3796 3996 1
3797 3997 1
3798 3998 1
3799 3999 1
3800 4000 1
3801 4001 1
3802 4002 1
3803 4003 1
3804 4004 1
3805 4005 1
3806 4006 1
3807 4007 1
3808 4008 1
3809 4009 1
3810 4010 1
3811 4011 1
3812 4012 1
3813 4013 2
3814 4014 1
3815 4015 1
3816 4016 1
3817 4017 1
3818 4018 1
3819 4019 1
3820 4020 1
3821 4021 1
3822 4022 1
3823 4023 1
3824 4024 1
3825 4025 2
3826 4026 2
3827 4027 1
3828 4028 1
3829 4029 1
3830 4030 2
3831 4031 1
3832 4032 1
3833 4033 1
3834 4034 1
3835 4035 1
3836 4036 1
3837 4037 1
3838 4038 1
3839 4039 1
3840 4040 1
3841 4041 1
3842 4042 1
3843 4043 1
3844 4044 2
3845 4045 1
3846 4046 1
3847 4047 1
3848 4048 1
3849 4049 1
3850 4050 1
3851 4051 1
3852 4052 2
3853 4053 2
3854 4054 2
3855 4055 1
3856 4056 1
3857 4057 1
3858 4058 2
3859 4059 1
3860 4060 1
3861 4061 1
3862 4062 2
3863 4063 1
3864 4064 1
3865 4065 1
3866 4066 1
3867 4067 1
3868 4068 1
3869 4069 2
3870 4070 1
3871 4071 1
3872 4072 1
3873 4073 1
3874 4074 1
3875 4075 1
3876 4076 1
3877 4077 1
3878 4078 1
3879 4079 1
3880 4080 1
3881 4081 1
3882 4082 1
3883 4083 1
3884 4084 1
3885 4085 1
3886 4086 1
3887 4087 1
3888 4088 1
3889 4089 1
3890 4090 3
3891 4091 1
3892 4092 1
3893 4093 1
3894 4094 1
3895 4095 1
3896 4096 1
3897 4097 1
3898 4098 1
3899 4099 1
3900 4100 1
3901 4101 1
3902 4102 1
3903 4103 2
3904 4104 2
3905 4105 2
3906 4106 1
3907 4107 1
3908 4108 1
3909 4109 1
3910 4110 1
3911 4111 1
3912 4112 1
3913 4113 1
3914 4114 1
3915 4115 1
3916 4116 2
3917 4117 2
3918 4118 1
3919 4119 1
3920 4120 2
3921 4121 1
3922 4122 2
3923 4123 2
3924 4124 4
3925 4125 2
3926 4126 2
3927 4127 2
3928 4128 1
3929 4129 1
3930 4130 1
3931 4131 1
3932 4132 1
3933 4133 1
3934 4134 1
3935 4135 1
3936 4136 2
3937 4137 1
3938 4138 1
3939 4139 1
3940 4140 1
3941 4141 1
3942 4142 1
3943 4143 2
3944 4144 1
3945 4145 1
3946 4146 2
3947 4147 2
3948 4148 2
3949 4149 1
3950 4150 1
3951 4151 1
3952 4152 1
3953 4153 1
3954 4154 1
3955 4155 2
3956 4156 1
3957 4157 1
3958 4158 1
3959 4159 1
3960 4160 1
3961 4161 1
3962 4162 1
3963 4163 1
3964 4164 1
3965 4165 1
3966 4166 3
3967 4167 2
3968 4168 1
3969 4169 3
3970 4170 1
3971 4171 1
3972 4172 1
3973 4173 1
3974 4174 1
3975 4175 1
3976 4176 1
3977 4177 1
3978 4178 1
3979 4179 1
3980 4180 1
3981 4181 1
3982 4182 1
3983 4183 1
3984 4184 1
3985 4185 1
3986 4186 1
3987 4187 1
3988 4188 1
3989 4189 1
3990 4190 1
3991 4191 1
3992 4192 1
3993 4193 1
3994 4194 1
3995 4195 1
3996 4196 1
3997 4197 1
3998 4198 1
3999 4199 1
4000 4200 1
4001 4201 1
4002 4202 5
4003 4203 3
4004 4204 3
4005 4205 4
4006 4206 4
4007 4207 4
4008 4208 3
4009 4209 5
4010 4210 4
4011 4211 4
4012 4212 3
4013 4213 5
4014 4214 4
4015 4215 8
4016 4216 5
4017 4217 4
4018 4218 5
4019 4219 4
4020 4220 8
4021 4221 4
4022 4222 4
4023 4223 4
4024 4224 10
4025 4225 5
4026 4226 10
4027 4227 6
4028 4228 5
4029 4229 5
4030 4230 5
4031 4231 5
4032 4232 5
4033 4233 5
4034 4234 5
4035 4235 5
4036 4236 5
4037 4237 4
4038 4238 4
4039 4239 4
4040 4240 4
4041 4241 5
4042 4242 3
4043 4243 5
4044 4244 5
4045 4245 5
4046 4246 5
4047 4247 5
4048 4248 4
4049 4249 5
4050 4250 4
4051 4251 4
4052 4252 5
4053 4253 5
4054 4254 5
4055 4255 5
4056 4256 5
4057 4257 5
4058 4258 4
4059 4259 3
4060 4260 4
4061 4261 5
4062 4262 5
4063 4263 4
4064 4264 4
4065 4265 4
4066 4266 4
4067 4267 4
4068 4268 9
4069 4269 9
4070 4270 5
4071 4271 8
4072 4272 4
4073 4273 7
4074 4274 8
4075 4275 7
4076 4276 7
4077 4277 5
4078 4278 9
4079 4279 8
4080 4280 8
4081 4281 5
4082 4282 5
4083 4283 4
4084 4284 6
4085 4285 9
4086 4286 6
4087 4287 5
4088 4288 4
4089 4289 5
4090 4290 7
4091 4291 7
4092 4292 5
4093 4293 5
4094 4294 4
4095 4295 5
4096 4296 6
4097 4297 4
4098 4298 4
4099 4299 5
4100 4300 4
4101 4301 5
4102 4302 3
4103 4303 5
4104 4304 4
4105 4305 4
4106 4306 4
4107 4307 5
4108 4308 5
4109 4309 5
4110 4310 4
4111 4311 5
4112 4312 4
4113 4313 3
4114 4314 4
4115 4315 5
4116 4316 4
4117 4317 4
4118 4318 4
4119 4319 5
4120 4320 5
4121 4321 4
4122 4322 4
4123 4323 4
4124 4324 4
4125 4325 4
4126 4326 4
4127 4327 4
4128 4328 3
4129 4329 4
4130 4330 4
4131 4331 3
4132 4332 3
4133 4333 3
4134 4334 4
4135 4335 3
4136 4336 4
4137 4337 3
4138 4338 3
4139 4339 4
4140 4340 3
4141 4341 2
4142 4342 3
4143 4343 6
4144 4344 3
4145 4345 3
4146 4346 3
4147 4347 5
4148 4348 3
4149 4349 3
4150 4350 3
4151 4351 4
4152 4352 4
4153 4353 6
4154 4354 4
4155 4355 3
4156 4356 5
4157 4357 4
4158 4358 4
4159 4359 4
4160 4360 4
4161 4361 4
4162 4362 4
4163 4363 3
4164 4364 3
4165 4365 4
4166 4366 4
4167 4367 4
4168 4368 3
4169 4369 3
4170 4370 3
4171 4371 4
4172 4372 4
4173 4373 4
4174 4374 3
4175 4375 7
4176 4376 3
4177 4377 3
4178 4378 5
4179 4379 3
4180 4380 4
4181 4381 3
4182 4382 3
4183 4383 5
4184 4384 3
4185 4385 3
4186 4386 3
4187 4387 3
4188 4388 3
4189 4389 4
4190 4390 4
4191 4391 5
4192 4392 6
4193 4393 3
4194 4394 3
4195 4395 4
4196 4396 3
4197 4397 5
4198 4398 4
4199 4399 3
4200 4400 3
4201 4401 3
4202 4402 4
4203 4403 4
4204 4404 6
4205 4405 4
4206 4406 3
4207 4407 3
4208 4408 4
4209 4409 4
4210 4410 4
4211 4411 4
4212 4412 3
4213 4413 7
4214 4414 4
4215 4415 4
4216 4416 4
4217 4417 3
4218 4418 4
4219 4419 5
4220 4420 4
4221 4421 4
4222 4422 7
4223 4423 4
4224 4424 5
4225 4425 7
4226 4426 7
4227 4427 3
4228 4428 5
4229 4429 4
4230 4430 5
4231 4431 5
4232 4432 4
4233 4433 4
4234 4434 5
4235 4435 7
4236 4436 7
4237 4437 10
4238 4438 16
4239 4439 5
4240 4440 7
4241 4441 8
4242 4442 5
4243 4443 6
4244 4444 9
4245 4445 4
4246 4446 8
4247 4447 4
4248 4448 5
4249 4449 6
4250 4450 5
4251 4451 4
4252 4452 5
4253 4453 5
4254 4454 8
4255 4455 6
4256 4456 5
4257 4457 10
4258 4458 5
4259 4459 5
4260 4460 8
4261 4461 5
4262 4462 8
4263 4463 6
4264 4464 6
4265 4465 7
4266 4466 6
4267 4467 4
4268 4468 8
4269 4469 8
4270 4470 4
4271 4471 4
4272 4472 6
4273 4473 4
4274 4474 4
4275 4475 6
4276 4476 5
4277 4477 4
4278 4478 7
4279 4479 5
4280 4480 4
4281 4481 8
4282 4482 8
4283 4483 8
4284 4484 4
4285 4485 4
4286 4486 9
4287 4487 4
4288 4488 8
4289 4489 3
4290 4490 8
4291 4491 6
4292 4492 3
4293 4493 2
4294 4494 4
4295 4495 3
4296 4496 7
4297 4497 7
4298 4498 4
4299 4499 8
4300 4500 3
4301 4501 5
4302 4502 5
4303 4503 7
4304 4504 7
4305 4505 7
4306 4506 4
4307 4507 4
4308 4508 5
4309 4509 6
4310 4510 3
4311 4511 5
4312 4512 5
4313 4513 8
4314 4514 3
4315 4515 3
4316 4516 6
4317 4517 8
4318 4518 4
4319 4519 9
4320 4520 15
4321 4521 8
4322 4522 7
4323 4523 5
4324 4524 4
4325 4525 3
4326 4526 4
4327 4527 4
4328 4528 7
4329 4529 4
4330 4530 6
4331 4531 6
4332 4532 5
4333 4533 2
4334 4534 6
4335 4535 7
4336 4536 6
4337 4537 5
4338 4538 6
4339 4539 3
4340 4540 5
4341 4541 6
4342 4542 6
4343 4543 3
4344 4544 3
4345 4545 4
4346 4546 6
4347 4547 3
4348 4548 4
4349 4549 3
4350 4550 4
4351 4551 3
4352 4552 3
4353 4553 4
4354 4554 4
4355 4555 3
4356 4556 3
4357 4557 3
4358 4558 5
4359 4559 3
4360 4560 5
4361 4561 5
4362 4562 8
4363 4563 5
4364 4564 5
4365 4565 5
4366 4566 3
4367 4567 4
4368 4568 5
4369 4569 5
4370 4570 5
4371 4571 4
4372 4572 5
4373 4573 3
4374 4574 2
4375 4575 3
4376 4576 4
4377 4577 4
4378 4578 5
4379 4579 4
4380 4580 4
4381 4581 5
4382 4582 5
4383 4583 2
4384 4584 2
4385 4585 4
4386 4586 5
4387 4587 5
4388 4588 2
4389 4589 6
4390 4590 5
4391 4591 4
4392 4592 3
4393 4593 5
4394 4594 5
4395 4595 6
4396 4596 6
4397 4597 6
4398 4598 4
4399 4599 6
4400 4600 6
4401 4601 4
4402 4602 5
4403 4603 4
4404 4604 3
4405 4605 4
4406 4606 5
4407 4607 5
4408 4608 4
4409 4609 4
4410 4610 4
4411 4611 5
4412 4612 4
4413 4613 5
4414 4614 4
4415 4615 4
4416 4616 4
4417 4617 3
4418 4618 4
4419 4619 4
4420 4620 4
4421 4621 4
4422 4622 5
4423 4623 5
4424 4624 4
4425 4625 3
4426 4626 3
4427 4627 3
4428 4628 3
4429 4629 3
4430 4630 3
4431 4631 5
4432 4632 2
4433 4633 3
4434 4634 5
4435 4635 2
4436 4636 3
4437 4637 4
4438 4638 4
4439 4639 4
4440 4640 6
4441 4641 3
4442 4642 3
4443 4643 4
4444 4644 4
4445 4645 5
4446 4646 5
4447 4647 5
4448 4648 4
4449 4649 6
4450 4650 6
4451 4651 6
4452 4652 3
4453 4653 4
4454 4654 4
4455 4655 4
4456 4656 6
4457 4657 6
4458 4658 6
4459 4659 4
4460 4660 5
4461 4661 8
4462 4662 4
4463 4663 7
4464 4664 4
4465 4665 3
4466 4666 6
4467 4667 4
4468 4668 4
4469 4669 4
4470 4670 4
4471 4671 5
4472 4672 5
4473 4673 3
4474 4674 4
4475 4675 4
4476 4676 1
4477 4677 6
4478 4678 4
4479 4679 4
4480 4680 5
4481 4681 4
4482 4682 4
4483 4683 3
4484 4684 3
4485 4685 3
4486 4686 3
4487 4687 3
4488 4688 3
4489 4689 3
4490 4690 3
4491 4691 4
4492 4692 6
4493 4693 5
4494 4694 7
4495 4695 5
4496 4696 6
4497 4697 4
4498 4698 4
4499 4699 7
4500 4700 8
4501 4701 6
4502 4702 6
4503 4703 4
4504 4704 6
4505 4705 3
4506 4706 4
4507 4707 5
4508 4708 3
4509 4709 6
4510 4710 6
4511 4711 3
4512 4712 5
4513 4713 4
4514 4714 6
4515 4715 3
4516 4716 5
4517 4717 3
4518 4718 8
4519 4719 7
4520 4720 6
4521 4721 7
4522 4722 5
4523 4723 6
4524 4724 4
4525 4725 5
4526 4726 3
4527 4727 6
4528 4728 6
4529 4729 7
4530 4730 5
4531 4731 4
4532 4732 6
4533 4733 7
4534 4734 5
4535 4735 6
4536 4736 4
4537 4737 4
4538 4738 5
4539 4739 4
4540 4740 5
4541 4741 9
4542 4742 5
4543 4743 3
4544 4744 5
4545 4745 3
4546 4746 7
4547 4747 7
4548 4748 6
4549 4749 6
4550 4750 6
4551 4751 6
4552 4752 7
4553 4753 5
4554 4754 5
4555 4755 3
4556 4756 2
4557 4757 4
4558 4758 7
4559 4759 2
4560 4760 2
4561 4761 6
4562 4762 6
4563 4763 5
4564 4764 6
4565 4765 3
4566 4766 5
4567 4767 6
4568 4768 2
4569 4769 6
4570 4770 5
4571 4771 6
4572 4772 6
4573 4773 6
4574 4774 7
4575 4775 7
4576 4776 6
4577 4777 4
4578 4778 5
4579 4779 6
4580 4780 6
4581 4781 7
4582 4782 7
4583 4783 7
4584 4784 2
4585 4785 7
4586 4786 2
4587 4787 7
4588 4788 3
4589 4789 5
4590 4790 4
4591 4791 6
4592 4792 7
4593 4793 4
4594 4794 4
4595 4795 7
4596 4796 2
4597 4797 1
4598 4798 5
4599 4799 4
4600 4800 5
4601 4801 7
4602 4802 7
4603 4803 3
4604 4804 4
4605 4805 6
4606 4806 5
4607 4807 4
4608 4808 6
4609 4809 7
4610 4810 6
4611 4811 5
4612 4812 4
4613 4813 7
4614 4814 6
4615 4815 7
4616 4816 6
4617 4817 7
4618 4818 7
4619 4819 6
4620 4820 6
4621 4821 6
4622 4822 8
4623 4823 4
4624 4824 4
4625 4825 2
4626 4826 7
4627 4827 7
4628 4828 5
4629 4829 4
4630 4830 5
4631 4831 5
4632 4832 6
4633 4833 7
4634 4834 7
4635 4835 6
4636 4836 4
4637 4837 5
4638 4838 2
4639 4839 4
4640 4840 4
4641 4841 8
4642 4842 5
4643 4843 4
4644 4844 5
4645 4845 7
4646 4846 8
4647 4847 5
4648 4848 9
4649 4849 3
4650 4850 9
4651 4851 5
4652 4852 2
4653 4853 5
4654 4854 6
4655 4855 5
4656 4856 5
4657 4857 8
4658 4858 8
4659 4859 6
4660 4860 9
4661 4861 2
4662 4862 6
4663 4863 8
4664 4864 6
4665 4865 9
4666 4866 7
4667 4867 9
4668 4868 8
4669 4869 9
4670 4870 8
4671 4871 5
4672 4872 4
4673 4873 4
4674 4874 8
4675 4875 4
4676 4876 6
4677 4877 6
4678 4878 6
4679 4879 9
4680 4880 9
4681 4881 9
4682 4882 4
4683 4883 2
4684 4884 5
4685 4885 5
4686 4886 6
4687 4887 4
4688 4888 3
4689 4889 5
4690 4890 4
4691 4891 3
4692 4892 3
4693 4893 3
4694 4894 3
4695 4895 5
4696 4896 3
4697 4897 8
4698 4898 6
4699 4899 4
4700 4900 3
4701 4901 9
4702 4902 2
4703 4903 8
4704 4904 9
4705 4905 10
4706 4906 3
4707 4907 2
4708 4908 5
4709 4909 1
4710 4910 1
4711 4911 2
4712 4912 3
4713 4913 2
4714 4914 7
4715 4915 6
4716 4916 1
4717 4917 4
4718 4918 4
4719 4919 3
4720 4920 4
4721 4921 5
4722 4922 4
4723 4923 5
4724 4924 4
4725 4925 4
4726 4926 3
4727 4927 2
4728 4928 3
4729 4929 4
4730 4930 5
4731 4931 5
4732 4932 6
4733 4933 7
4734 4934 10
4735 4935 7
4736 4936 4
4737 4937 4
4738 4938 7
4739 4939 5
4740 4940 5
4741 4941 4
4742 4942 4
4743 4943 5
4744 4944 4
4745 4945 3
4746 4946 4
4747 4947 3
4748 4948 3
4749 4949 3
4750 4950 3
4751 4951 3
4752 4952 4
4753 4953 3
4754 4954 3
4755 4955 3
4756 4956 5
4757 4957 5
4758 4958 3
4759 4959 5
4760 4960 4
4761 4961 4
4762 4962 3
4763 4963 3
4764 4964 4
4765 4965 3
4766 4966 4
4767 4967 5
4768 4968 4
4769 4969 3
4770 4970 3
4771 4971 3
4772 4972 4
4773 4973 4
4774 4974 8
4775 4975 4
4776 4976 5
4777 4977 3
4778 4978 4
4779 4979 3
4780 4980 4
4781 4981 4
4782 4982 4
4783 4983 4
4784 4984 3
4785 4985 3
4786 4986 4
4787 4987 3
4788 4988 3
4789 4989 4
4790 4990 4
4791 4991 3
4792 4992 4
4793 4993 3
4794 4994 3
4795 4995 3
4796 4996 3
4797 4997 5
4798 4998 4
4799 4999 7
4800 5000 2
4801 5001 3
4802 5002 3
4803 5003 4
4804 5004 4
4805 5005 4
4806 5006 4
4807 5007 4
4808 5008 3
4809 5009 4
4810 5010 3
4811 5011 3
4812 5012 3
4813 5013 3
4814 5014 4
4815 5015 2
4816 5016 4
4817 5017 5
4818 5018 4
4819 5019 4
4820 5020 3
4821 5021 5
4822 5022 3
4823 5023 4
4824 5024 3
4825 5025 5
4826 5026 3
4827 5027 4
4828 5028 5
4829 5029 4
4830 5030 5
4831 5031 2
4832 5032 3
4833 5033 3
4834 5034 4
4835 5035 5
4836 5036 4
4837 5037 4
4838 5038 5
4839 5039 5
4840 5040 4
4841 5041 5
4842 5042 4
4843 5043 3
4844 5044 4
4845 5045 4
4846 5046 4
4847 5047 4
4848 5048 3
4849 5049 5
4850 5050 5
4851 5051 3
4852 5052 4
4853 5053 4
4854 5054 5
4855 5055 5
4856 5056 4
4857 5057 6
4858 5058 5
4859 5059 6
4860 5060 4
4861 5061 5
4862 5062 3
4863 5063 5
4864 5064 5
4865 5065 5
4866 5066 4
4867 5067 7
4868 5068 4
4869 5069 1
4870 5070 4
4871 5071 7
4872 5072 1
4873 5073 5
4874 5074 1
4875 5075 1
4876 5076 5
4877 5077 2
4878 5078 4
4879 5079 2
4880 5080 5
4881 5081 2
4882 5082 2
4883 5083 5
4884 5084 3
4885 5085 3
4886 5086 4
4887 5087 4
4888 5088 3
4889 5089 2
4890 5090 2
4891 5091 3
4892 5092 3
4893 5093 5
4894 5094 4
4895 5095 3
4896 5096 4
4897 5097 6
4898 5098 6
4899 5099 6
4900 5100 2
4901 5101 2
4902 5102 4
4903 5103 14
4904 5104 11
4905 5105 8
4906 5106 9
4907 5107 8
4908 5108 9
4909 5109 10
4910 5110 8
4911 5111 8
4912 5112 9
4913 5113 11
4914 5114 9
4915 5115 7
4916 5116 9
4917 5117 9
4918 5118 9
4919 5119 7
4920 5120 10
4921 5121 5
4922 5122 3
4923 5123 2
4924 5124 13
4925 5125 3
4926 5126 4
4927 5127 5
4928 5128 4
4929 5129 4
4930 5130 2
4931 5131 8
4932 5132 8
4933 5133 10
4934 5134 2
4935 5135 2
4936 5136 2
4937 5137 2
4938 5138 2
4939 5139 1
4940 5140 5
4941 5141 5
4942 5142 6
4943 5143 8
4944 5144 7
4945 5145 5
4946 5146 6
4947 5147 8
4948 5148 6
4949 5149 7
4950 5150 6
4951 5151 6
4952 5152 6
4953 5153 5
4954 5154 7
4955 5155 5
4956 5156 5
4957 5157 3
4958 5158 3
4959 5159 4
4960 5160 3
4961 5161 6
4962 5162 3
4963 5163 3
4964 5164 4
4965 5165 5
4966 5166 5
4967 5167 3
4968 5168 5
4969 5169 10
4970 5170 4
4971 5171 3
4972 5172 4
4973 5173 4
4974 5174 4
4975 5175 5
4976 5176 5
4977 5177 2
4978 5178 1
4979 5179 2
4980 5180 2
4981 5181 1
4982 5182 5
4983 5183 2
4984 5184 2
4985 5185 2
4986 5186 2
4987 5187 3
4988 5188 1
4989 5189 1
4990 5190 2
4991 5191 2
4992 5192 9
4993 5193 2
4994 5194 10
4995 5195 1
4996 5196 2
4997 5197 3
4998 5198 10
4999 5199 7
5000 5200 2
5001 5201 2
5002 5202 2
5003 5203 5
5004 5204 2
5005 5205 3
5006 5206 4
5007 5207 3
5008 5208 1
5009 5209 4
5010 5210 4
5011 5211 3
5012 5212 3
5013 5213 4
5014 5214 4
5015 5215 3
5016 5216 4
5017 5217 5
5018 5218 5
5019 5219 5
5020 5220 9
5021 5221 7
5022 5222 10
5023 5223 7
5024 5224 9
5025 5225 4
5026 5226 2
5027 5227 2
5028 5228 3
5029 5229 6
5030 5230 3
5031 5231 3
5032 5232 5
5033 5233 2
5034 5234 3
5035 5235 4
5036 5236 4
5037 5237 5
5038 5238 2
5039 5239 2
5040 5240 2
5041 5241 2
5042 5242 5
5043 5243 4
5044 5244 3
5045 5245 4
5046 5246 3
5047 5247 5
5048 5248 5
5049 5249 2
5050 5250 2
5051 5251 1
5052 5252 2
5053 5253 1
5054 5254 1
5055 5255 1
5056 5256 1
5057 5257 1
5058 5258 1
5059 5259 1
5060 5260 1
5061 5261 1
5062 5262 2
5063 5263 6
5064 5264 6
5065 5265 2
5066 5266 1
5067 5267 1
5068 5268 1
5069 5269 3
5070 5270 3
5071 5271 1
5072 5272 1
5073 5273 3
5074 5274 1
5075 5275 2
5076 5276 2
5077 5277 5
5078 5278 6
5079 5279 2
5080 5280 2
5081 5281 2
5082 5282 5
5083 5283 3
5084 5284 2
5085 5285 2
5086 5286 3
5087 5287 2
5088 5288 3
5089 5289 4
5090 5290 8
5091 5291 6
5092 5292 7
5093 5293 5
5094 5294 4
5095 5295 7
5096 5296 5
5097 5297 5
5098 5298 5
5099 5299 6
5100 5300 8
5101 5301 8
5102 5302 9
5103 5303 7
5104 5304 6
5105 5305 6
5106 5306 5
5107 5307 6
5108 5308 5
5109 5309 2
5110 5310 2
5111 5311 3
5112 5312 1
5113 5313 4
5114 5314 1
5115 5315 2
5116 5316 3
5117 5317 2
5118 5318 1
5119 5319 1
5120 5320 2
5121 5321 2
5122 5322 1
5123 5323 1
5124 5324 3
5125 5325 9
5126 5326 2
5127 5327 12
5128 5328 2
5129 5329 5
5130 5330 9
5131 5331 9
5132 5332 3
5133 5333 5
5134 5334 2
5135 5335 1
5136 5336 4
5137 5337 4
5138 5338 2
5139 5339 5
5140 5340 5
5141 5341 4
5142 5342 4
5143 5343 1
5144 5344 2
5145 5345 1
5146 5346 1
5147 5347 2
5148 5348 1
5149 5349 1
5150 5350 1
5151 5351 2
5152 5352 1
5153 5353 1
5154 5354 1
5155 5355 1
5156 5356 1
5157 5357 2
5158 5358 2
5159 5359 1
5160 5360 1
5161 5361 1
5162 5362 1
5163 5363 1
5164 5364 4
5165 5365 4
5166 5366 2
5167 5367 1
5168 5368 5
5169 5369 5
5170 5370 2
5171 5371 2
5172 5372 5
5173 5373 5
5174 5374 2
5175 5375 4
5176 5376 4
5177 5377 5
5178 5378 3
5179 5379 5
5180 5380 5
5181 5381 7
5182 5382 5
5183 5383 4
5184 5384 2
5185 5385 2
5186 5386 2
5187 5387 3
5188 5388 6
5189 5389 3
5190 5390 3
5191 5391 6
5192 5392 4
5193 5393 1
5194 5394 2
5195 5395 2
5196 5396 3
5197 5397 2
5198 5398 2
5199 5399 2
5200 5400 2
5201 5401 3
5202 5402 5
5203 5403 5
5204 5404 4
5205 5405 5
5206 5406 4
5207 5407 4
5208 5408 4
5209 5409 5
5210 5410 4
5211 5411 3
5212 5412 4
5213 5413 4
5214 5414 4
5215 5415 4
5216 5416 4
5217 5417 4
5218 5418 5
5219 5419 5
5220 5420 5
5221 5421 4
5222 5422 4
5223 5423 4
5224 5424 5
5225 5425 5
5226 5426 4
5227 5427 4
5228 5428 6
5229 5429 8
5230 5430 8
5231 5431 9
5232 5432 7
5233 5433 9
5234 5434 9
5235 5435 9
5236 5436 9
5237 5437 9
5238 5438 7
5239 5439 10
5240 5440 10
5241 5441 8
5242 5442 8
5243 5443 10
5244 5444 10
5245 5445 8
5246 5446 8
5247 5447 7
5248 5448 6
5249 5449 4
5250 5450 7
5251 5451 6
5252 5452 6
5253 5453 7
5254 5454 7
5255 5455 6
5256 5456 6
5257 5457 7
5258 5458 7
5259 5459 7
5260 5460 6
5261 5461 6
5262 5462 6
5263 5463 6
5264 5464 6
5265 5465 6
5266 5466 6
5267 5467 8
5268 5468 5
5269 5469 7
5270 5470 8
5271 5471 8
5272 5472 7
5273 5473 7
5274 5474 8
5275 5475 7
5276 5476 8
5277 5477 9
5278 5478 7
5279 5479 7
5280 5480 8
5281 5481 6
5282 5482 7
5283 5483 8
5284 5484 7
5285 5485 8
5286 5486 6
5287 5487 6
5288 5488 7
5289 5489 4
5290 5490 4
5291 5491 4
5292 5492 7
5293 5493 7
5294 5494 7
5295 5495 7
5296 5496 7
5297 5497 7
5298 5498 7
5299 5499 8
5300 5500 9
5301 5501 9
5302 5502 7
5303 5503 7
5304 5504 9
5305 5505 7
5306 5506 7
5307 5507 7
5308 5508 7
5309 5509 7
5310 5510 7
5311 5511 7
5312 5512 7
5313 5513 9
5314 5514 8
5315 5515 8
5316 5516 7
5317 5517 8
5318 5518 8
5319 5519 8
5320 5520 8
5321 5521 9
5322 5522 7
5323 5523 8
5324 5524 7
5325 5525 8
5326 5526 7
5327 5527 9
5328 5528 8
5329 5529 9
5330 5530 9
5331 5531 8
5332 5532 8
5333 5533 9
5334 5534 8
5335 5535 9
5336 5536 9
5337 5537 9
5338 5538 9
5339 5539 8
5340 5540 8
5341 5541 7
5342 5542 7
5343 5543 6
5344 5544 6
5345 5545 6
5346 5546 7
5347 5547 6
5348 5548 7
5349 5549 6
5350 5550 4
5351 5551 7
5352 5552 5
5353 5553 4
5354 5554 6
5355 5555 8
5356 5556 8
5357 5557 7
5358 5558 7
5359 5559 7
5360 5560 8
5361 5561 7
5362 5562 6
5363 5563 7
5364 5564 8
5365 5565 5
5366 5566 7
5367 5567 8
5368 5568 9
5369 5569 7
5370 5570 7
5371 5571 7
5372 5572 8
5373 5573 9
5374 5574 4
5375 5575 8
5376 5576 9
5377 5577 7
5378 5578 7
5379 5579 7
5380 5580 8
5381 5581 9
5382 5582 8
5383 5583 7
5384 5584 7
5385 5585 7
5386 5586 7
5387 5587 10
5388 5588 8
5389 5589 8
5390 5590 8
5391 5591 7
5392 5592 9
5393 5593 7
5394 5594 8
5395 5595 8
5396 5596 7
5397 5597 8
5398 5598 8
5399 5599 7
5400 5600 7
5401 5601 6
5402 5602 7
5403 5603 8
5404 5604 7
5405 5605 6
5406 5606 6
5407 5607 7
5408 5608 7
5409 5609 9
5410 5610 6
5411 5611 7
5412 5612 9
5413 5613 8
5414 5614 10
5415 5615 9
5416 5616 8
5417 5617 8
5418 5618 7
5419 5619 8
5420 5620 7
5421 5621 7
5422 5622 6
5423 5623 6
5424 5624 7
5425 5625 7
5426 5626 7
5427 5627 7
5428 5628 9
5429 5629 6
5430 5630 8
5431 5631 6
5432 5632 7
5433 5633 7
5434 5634 8
5435 5635 7
5436 5636 8
5437 5637 9
5438 5638 7
5439 5639 6
5440 5640 7
5441 5641 8
5442 5642 6
5443 5643 8
5444 5644 7
5445 5645 6
5446 5646 7
5447 5647 6
5448 5648 9
5449 5649 7
5450 5650 6
5451 5651 8
5452 5652 7
5453 5653 7
5454 5654 8
5455 5655 7
5456 5656 7
5457 5657 7
5458 5658 6
5459 5659 6
5460 5660 6
5461 5661 7
5462 5662 7
5463 5663 7
5464 5664 7
5465 5665 7
5466 5666 7
5467 5667 8
5468 5668 7
5469 5669 7
5470 5670 4
5471 5671 7
5472 5672 7
5473 5673 8
5474 5674 8
5475 5675 9
5476 5676 9
5477 5677 11
5478 5678 8
5479 5679 8
5480 5680 8
5481 5681 7
5482 5682 7
5483 5683 7
5484 5684 8
5485 5685 7
5486 5686 6
5487 5687 5
5488 5688 7
5489 5689 7
5490 5690 4
5491 5691 7
5492 5692 7
5493 5693 6
5494 5694 7
5495 5695 7
5496 5696 7
5497 5697 7
5498 5698 7
5499 5699 6
5500 5700 6
5501 5701 7
5502 5702 6
5503 5703 6
5504 5704 7
5505 5705 7
5506 5706 6
5507 5707 6
5508 5708 6
5509 5709 7
5510 5710 7
5511 5711 7
5512 5712 7
5513 5713 6
5514 5714 6
5515 5715 6
5516 5716 7
5517 5717 6
5518 5718 6
5519 5719 8
5520 5720 7
5521 5721 6
5522 5722 7
5523 5723 7
5524 5724 6
5525 5725 7
5526 5726 6
5527 5727 6
5528 5728 6
5529 5729 7
5530 5730 4
5531 5731 7
5532 5732 6
5533 5733 8
5534 5734 7
5535 5735 8
5536 5736 6
5537 5737 6
5538 5738 6
5539 5739 7
5540 5740 6
5541 5741 6
5542 5742 6
5543 5743 7
5544 5744 6
5545 5745 5
5546 5746 6
5547 5747 6
5548 5748 6
5549 5749 7
5550 5750 7
5551 5751 7
5552 5752 7
5553 5753 9
5554 5754 8
5555 5755 8
5556 5756 6
5557 5757 7
5558 5758 6
5559 5759 7
5560 5760 7
5561 5761 7
5562 5762 7
5563 5763 7
5564 5764 6
5565 5765 8
5566 5766 7
5567 5767 7
5568 5768 7
5569 5769 7
5570 5770 7
5571 5771 8
5572 5772 6
5573 5773 8
5574 5774 8
5575 5775 7
5576 5776 7
5577 5777 7
5578 5778 7
5579 5779 7
5580 5780 7
5581 5781 9
5582 5782 8
5583 5783 5
5584 5784 6
5585 5785 6
5586 5786 8
5587 5787 7
5588 5788 7
5589 5789 5
5590 5790 5
5591 5791 8
5592 5792 7
5593 5793 6
5594 5794 6
5595 5795 6
5596 5796 6
5597 5797 7
5598 5798 7
5599 5799 7
5600 5800 6
5601 5801 5
5602 5802 6
5603 5803 6
5604 5804 6
5605 5805 6
5606 5806 6
5607 5807 6
5608 5808 6
5609 5809 6
5610 5810 6
5611 5811 6
5612 5812 6
5613 5813 6
5614 5814 6
5615 5815 4
5616 5816 4
5617 5817 4
5618 5818 4
5619 5819 5
5620 5820 4
5621 5821 6
5622 5822 6
5623 5823 5
5624 5824 6
5625 5825 8
5626 5826 7
5627 5827 7
5628 5828 8
5629 5829 6
5630 5830 6
5631 5831 6
5632 5832 7
5633 5833 7
5634 5834 8
5635 5835 7
5636 5836 6
5637 5837 7
5638 5838 7
5639 5839 7
5640 5840 6
5641 5841 7
5642 5842 7
5643 5843 6
5644 5844 7
5645 5845 7
5646 5846 6
5647 5847 8
5648 5848 9
5649 5849 7
5650 5850 7
5651 5851 6
5652 5852 7
5653 5853 5
5654 5854 4
5655 5855 5
5656 5856 4
5657 5857 5
5658 5858 5
5659 5859 13
5660 5860 12
5661 5861 13
5662 5862 6
5663 5863 7
5664 5864 7
5665 5865 9
5666 5866 7
5667 5867 7
5668 5868 10
5669 5869 10
5670 5870 9
5671 5871 9
5672 5872 8
5673 5873 7
5674 5874 9
5675 5875 7
5676 5876 9
5677 5877 7
5678 5878 10
5679 5879 7
5680 5880 8
5681 5881 9
5682 5882 8
5683 5883 10
5684 5884 9
5685 5885 10
5686 5886 9
5687 5887 7
5688 5888 6
5689 5889 9
5690 5890 5
5691 5891 8
5692 5892 10
5693 5893 8
5694 5894 9
5695 5895 10
5696 5896 10
5697 5897 10
5698 5898 9
5699 5899 9
5700 5900 7
5701 5901 12
5702 5902 8
5703 5903 9
5704 5904 10
5705 5905 10
5706 5906 10
5707 5907 10
5708 5908 10
5709 5909 9
5710 5910 8
5711 5911 9
5712 5912 7
5713 5913 7
5714 5914 7
5715 5915 9
5716 5916 9
5717 5917 6
5718 5918 7
5719 5919 9
5720 5920 4
5721 5921 4
5722 5922 6
5723 5923 7
5724 5924 7
5725 5925 8
5726 5926 9
5727 5927 10
5728 5928 12
5729 5929 12
5730 5930 8
5731 5931 9
5732 5932 4
5733 5933 5
5734 5934 5
5735 5935 7
5736 5936 14
5737 5937 13
5738 5938 10
5739 5939 12
5740 5940 10
5741 5941 13
5742 5942 10
5743 5943 12
5744 5944 9
5745 5945 10
5746 5946 10
5747 5947 9
5748 5948 8
5749 5949 8
5750 5950 8
5751 5951 8
5752 5952 5
5753 5953 7
5754 5954 6
5755 5955 4
5756 5956 6
5757 5957 8
5758 5958 6
5759 5959 6
5760 5960 5
5761 5961 5
5762 5962 8
5763 5963 4
5764 5964 5
5765 5965 4
5766 5966 4
5767 5967 5
5768 5968 4
5769 5969 5
5770 5970 4
5771 5971 5
5772 5972 5
5773 5973 5
5774 5974 6
5775 5975 4
5776 5976 7
5777 5977 7
5778 5978 10
5779 5979 8
5780 5980 9
5781 5981 8
5782 5982 9
5783 5983 8
5784 5984 7
5785 5985 6
5786 5986 5
5787 5987 9
5788 5988 10
5789 5989 9
5790 5990 8
5791 5991 9
5792 5992 9
5793 5993 7
5794 5994 10
5795 5995 7
5796 5996 7
5797 5997 6
5798 5998 7
5799 5999 8
5800 6000 8
5801 6001 7
5802 6002 6
5803 6003 4
5804 6004 4
5805 6005 4
5806 6006 5
5807 6007 4
5808 6008 5
5809 6009 4
5810 6010 5
5811 6011 5
5812 6012 6
5813 6013 6
5814 6014 5
5815 6015 4
5816 6016 5
5817 6017 6
5818 6018 4
5819 6019 5
5820 6020 4
5821 6021 6
5822 6022 4
5823 6023 4
5824 6024 4
5825 6025 4
5826 6026 5
5827 6027 5
5828 6028 4
5829 6029 5
5830 6030 6
5831 6031 7
5832 6032 8
5833 6033 6
5834 6034 6
5835 6035 6
5836 6036 7
5837 6037 6
5838 6038 20
5839 6039 8
5840 6040 10
5841 6041 7
5842 6042 6
5843 6043 7
5844 6044 7
5845 6045 4
5846 6046 6
5847 6047 7
5848 6048 9
5849 6049 10
5850 6050 7
5851 6051 8
5852 6052 8
5853 6053 21
5854 6054 9
5855 6055 8
5856 6056 8
5857 6057 7
5858 6058 10
5859 6059 10
5860 6060 11
5861 6061 7
5862 6062 11
5863 6063 8
5864 6064 6
5865 6065 10
5866 6066 10
5867 6067 9
5868 6068 7
5869 6069 9
5870 6070 10
5871 6071 10
5872 6072 10
5873 6073 9
5874 6074 7
5875 6075 13
5876 6076 10
5877 6077 11
5878 6078 8
5879 6079 11
5880 6080 10
5881 6081 8
5882 6082 9
5883 6083 10
5884 6084 14
5885 6085 16
5886 6086 7
5887 6087 13
5888 6088 9
5889 6089 8
5890 6090 10
5891 6091 9
5892 6092 10
5893 6093 13
5894 6094 13
5895 6095 9
5896 6096 9
5897 6097 7
5898 6098 7
5899 6099 7
5900 6100 8
5901 6101 8
5902 6102 8
5903 6103 7
5904 6104 7
5905 6105 7
5906 6106 8
5907 6107 7
5908 6108 8
5909 6109 8
5910 6110 12
5911 6111 12
5912 6112 9
5913 6113 6
5914 6114 7
5915 6115 7
5916 6116 8
5917 6117 6
5918 6118 8
5919 6119 9
5920 6120 8
5921 6121 8
5922 6122 7
5923 6123 9
5924 6124 20
5925 6125 10
5926 6126 8
5927 6127 8
5928 6128 13
5929 6129 8
5930 6130 9
5931 6131 9
5932 6132 11
5933 6133 12
5934 6134 13
5935 6135 12
5936 6136 11
5937 6137 14
5938 6138 14
5939 6139 12
5940 6140 12
5941 6141 14
5942 6142 13
5943 6143 12
5944 6144 13
5945 6145 16
5946 6146 13
5947 6147 13
5948 6148 13
5949 6149 13
5950 6150 13
5951 6151 10
5952 6152 9
5953 6153 10
5954 6154 9
5955 6155 10
5956 6156 11
5957 6157 9
5958 6158 7
5959 6159 8
5960 6160 8
5961 6161 9
5962 6162 9
5963 6163 8
5964 6164 13
5965 6165 10
5966 6166 8
5967 6167 8
5968 6168 8
5969 6169 7
5970 6170 7
5971 6171 5
5972 6172 5
5973 6173 6
5974 6174 7
5975 6175 10
5976 6176 9
5977 6177 8
5978 6178 9
5979 6179 9
5980 6180 9
5981 6181 10
5982 6182 7
5983 6183 9
5984 6184 9
5985 6185 8
5986 6186 7
5987 6187 9
5988 6188 8
5989 6189 8
5990 6190 9
5991 6191 8
5992 6192 8
5993 6193 7
5994 6194 7
5995 6195 7
5996 6196 8
5997 6197 8
5998 6198 8
5999 6199 7
6000 6200 7
6001 6201 4
6002 6202 6
6003 6203 7
6004 6204 7
6005 6205 7
6006 6206 5
6007 6207 7
6008 6208 6
6009 6209 7
6010 6210 7
6011 6211 7
6012 6212 8
6013 6213 7
6014 6214 7
6015 6215 8
6016 6216 9
6017 6217 8
6018 6218 10
6019 6219 11
6020 6220 14
6021 6221 12
6022 6222 15
6023 6223 12
6024 6224 10
6025 6225 9
6026 6226 13
6027 6227 12
6028 6228 10
6029 6229 4
6030 6230 6
6031 6231 4
6032 6232 5
6033 6233 5
6034 6234 4
6035 6235 6
6036 6236 11
6037 6237 5
6038 6238 4
6039 6239 5
6040 6240 6
6041 6241 8
6042 6242 5
6043 6243 5
6044 6244 4
6045 6245 4
6046 6246 6
6047 6247 4
6048 6248 4
6049 6249 4
6050 6250 7
6051 6251 6
6052 6252 7
6053 6253 7
6054 6254 7
6055 6255 7
6056 6256 6
6057 6257 7
6058 6258 7
6059 6259 7
6060 6260 7
6061 6261 7
6062 6262 6
6063 6263 6
6064 6264 4
6065 6265 6
6066 6266 7
6067 6267 6
6068 6268 4
6069 6269 5
6070 6270 5
6071 6271 5
6072 6272 6
6073 6273 4
6074 6274 4
6075 6275 6
6076 6276 6
6077 6277 4
6078 6278 4
6079 6279 4
6080 6280 4
6081 6281 5
6082 6282 6
6083 6283 4
6084 6284 4
6085 6285 4
6086 6286 4
6087 6287 5
6088 6288 4
6089 6289 4
6090 6290 6
6091 6291 7
6092 6292 7
6093 6293 4
6094 6294 7
6095 6295 7
6096 6296 8
6097 6297 9
6098 6298 7
6099 6299 7
6100 6300 8
6101 6301 8
6102 6302 6
6103 6303 7
6104 6304 8
6105 6305 7
6106 6306 4
6107 6307 7
6108 6308 9
6109 6309 7
6110 6310 8
6111 6311 7
6112 6312 8
6113 6313 7
6114 6314 8
6115 6315 7
6116 6316 8
6117 6317 8
6118 6318 8
6119 6319 9
6120 6320 7
6121 6321 7
6122 6322 6
6123 6323 7
6124 6324 9
6125 6325 9
6126 6326 9
6127 6327 9
6128 6328 8
6129 6329 8
6130 6330 10
6131 6331 10
6132 6332 9
6133 6333 10
6134 6334 10
6135 6335 10
6136 6336 8
6137 6337 7
6138 6338 7
6139 6339 7
6140 6340 7
6141 6341 8
6142 6342 8
6143 6343 7
6144 6344 7
6145 6345 8
6146 6346 7
6147 6347 7
6148 6348 7
6149 6349 8
6150 6350 6
6151 6351 6
6152 6352 6
6153 6353 6
6154 6354 7
6155 6355 5
6156 6356 7
6157 6357 10
6158 6358 7
6159 6359 5
6160 6360 7
6161 6361 7
6162 6362 7
6163 6363 8
6164 6364 7
6165 6365 6
6166 6366 5
6167 6367 7
6168 6368 7
6169 6369 7
6170 6370 8
6171 6371 8
6172 6372 8
6173 6373 7
6174 6374 7
6175 6375 8
6176 6376 4
6177 6377 8
6178 6378 9
6179 6379 11
6180 6380 8
6181 6381 7
6182 6382 5
6183 6383 7
6184 6384 7
6185 6385 7
6186 6386 7
6187 6387 7
6188 6388 12
6189 6389 8
6190 6390 7
6191 6391 9
6192 6392 7
6193 6393 7
6194 6394 8
6195 6395 8
6196 6396 8
6197 6397 6
6198 6398 7
6199 6399 7
6200 6400 6
6201 6401 9
6202 6402 7
6203 6403 7
6204 6404 15
6205 6405 15
6206 6406 8
6207 6407 7
6208 6408 7
6209 6409 7
6210 6410 7
6211 6411 9
6212 6412 8
6213 6413 7
6214 6414 7
6215 6415 14
6216 6416 8
6217 6417 7
6218 6418 14
6219 6419 8
6220 6420 7
6221 6421 9
6222 6422 8
6223 6423 7
6224 6424 7
6225 6425 14
6226 6426 17
6227 6427 17
6228 6428 15
6229 6429 7
6230 6430 7
6231 6431 12
6232 6432 16
6233 6433 7
6234 6434 18
6235 6435 8
6236 6436 15
6237 6437 17
6238 6438 17
6239 6439 8
6240 6440 10
6241 6441 10
6242 6442 14
6243 6443 9
6244 6444 8
6245 6445 8
6246 6446 6
6247 6447 8
6248 6448 7
6249 6449 7
6250 6450 12
6251 6451 8
6252 6452 6
6253 6453 7
6254 6454 8
6255 6455 8
6256 6456 9
6257 6457 8
6258 6458 12
6259 6459 8
6260 6460 13
6261 6461 12
6262 6462 9
6263 6463 10
6264 6464 8
6265 6465 6
6266 6466 5
6267 6467 4
6268 6468 4
6269 6469 5
6270 6470 6
6271 6471 6
6272 6472 6
6273 6473 7
6274 6474 3
6275 6475 5
6276 6476 6
6277 6477 7
6278 6478 7
6279 6479 6
6280 6480 11
6281 6481 6
6282 6482 7
6283 6483 5
6284 6484 4
6285 6485 6
6286 6486 6
6287 6487 6
6288 6488 7
6289 6489 6
6290 6490 4
6291 6491 7
6292 6492 7
6293 6493 7
6294 6494 7
6295 6495 7
6296 6496 7
6297 6497 7
6298 6498 7
6299 6499 7
6300 6500 7
6301 6501 2
6302 6502 8
6303 6503 2
6304 6504 2
6305 6505 6
6306 6506 6
6307 6507 2
6308 6508 7
6309 6509 7
6310 6510 7
6311 6511 2
6312 6512 5
6313 6513 6
6314 6514 5
6315 6515 7
6316 6516 5
6317 6517 6
6318 6518 6
6319 6519 5
6320 6520 5
6321 6521 2
6322 6522 4
6323 6523 6
6324 6524 5
6325 6525 2
6326 6526 6
6327 6527 2
6328 6528 3
6329 6529 2
6330 6530 2
6331 6531 8
6332 6532 5
6333 6533 6
6334 6534 7
6335 6535 6
6336 6536 8
6337 6537 6
6338 6538 6
6339 6539 4
6340 6540 6
6341 6541 10
6342 6542 3
6343 6543 9
6344 6544 8
6345 6545 10
6346 6546 5
6347 6547 9
6348 6548 5
6349 6549 6
6350 6550 6
6351 6551 6
6352 6552 6
6353 6553 8
6354 6554 6
6355 6555 5
6356 6556 7
6357 6557 7
6358 6558 7
6359 6559 5
6360 6560 5
6361 6561 6
6362 6562 5
6363 6563 6
6364 6564 6
6365 6565 7
6366 6566 6
6367 6567 5
6368 6568 6
6369 6569 5
6370 6570 5
6371 6571 7
6372 6572 6
6373 6573 5
6374 6574 5
6375 6575 3
6376 6576 3
6377 6577 4
6378 6578 1
6379 6579 1
6380 6580 4
6381 6581 5
6382 6582 6
6383 6583 2
6384 6584 5
6385 6585 4
6386 6586 3
6387 6587 2
6388 6588 3
6389 6589 2
6390 6590 2
6391 6591 2
6392 6592 2
6393 6593 2
6394 6594 2
6395 6595 5
6396 6596 2
6397 6597 2
6398 6598 2
6399 6599 1
6400 6600 2
6401 6601 3
6402 6602 4
6403 6603 2
6404 6604 2
6405 6605 1
6406 6606 2
6407 6607 2
6408 6608 5
6409 6609 2
6410 6610 2
6411 6611 6
6412 6612 2
6413 6613 3
6414 6614 4
6415 6615 6
6416 6616 2
6417 6617 6
6418 6618 3
6419 6619 8
6420 6620 6
6421 6621 6
6422 6622 2
6423 6623 5
6424 6624 2
6425 6625 2
6426 6626 5
6427 6627 5
6428 6628 6
6429 6629 5
6430 6630 5
6431 6631 6
6432 6632 6
6433 6633 6
6434 6634 6
6435 6635 2
6436 6636 3
6437 6637 2
6438 6638 4
6439 6639 6
6440 6640 5
6441 6641 4
6442 6642 6
6443 6643 6
6444 6644 7
6445 6645 6
6446 6646 7
6447 6647 8
6448 6648 6
6449 6649 7
6450 6650 8
6451 6651 6
6452 6652 6
6453 6653 7
6454 6654 6
6455 6655 7
6456 6656 7
6457 6657 7
6458 6658 8
6459 6659 6
6460 6660 7
6461 6661 6
6462 6662 8
6463 6663 6
6464 6664 5
6465 6665 8
6466 6666 8
6467 6667 6
6468 6668 5
6469 6669 6
6470 6670 6
6471 6671 8
6472 6672 6
6473 6673 5
6474 6674 7
6475 6675 7
6476 6676 6
6477 6677 6
6478 6678 8
6479 6679 6
6480 6680 6
6481 6681 7
6482 6682 6
6483 6683 2
6484 6684 5
6485 6685 7
6486 6686 5
6487 6687 6
6488 6688 8
6489 6689 5
6490 6690 6
6491 6691 8
6492 6692 6
6493 6693 4
6494 6694 2
6495 6695 8
6496 6696 15
6497 6697 5
6498 6698 7
6499 6699 6
6500 6700 7
6501 6701 5
6502 6702 7
6503 6703 8
6504 6704 5
6505 6705 6
6506 6706 7
6507 6707 5
6508 6708 4
6509 6709 7
6510 6710 6
6511 6711 6
6512 6712 8
6513 6713 7
6514 6714 7
6515 6715 3
6516 6716 6
6517 6717 7
6518 6718 15
6519 6719 8
6520 6720 6
6521 6721 7
6522 6722 8
6523 6723 7
6524 6724 6
6525 6725 7
6526 6726 7
6527 6727 7
6528 6728 6
6529 6729 7
6530 6730 4
6531 6731 5
6532 6732 5
6533 6733 3
6534 6734 3
6535 6735 3
6536 6736 4
6537 6737 3
6538 6738 3
6539 6739 3
6540 6740 4
6541 6741 4
6542 6742 4
6543 6743 4
6544 6744 3
6545 6745 4
6546 6746 5
6547 6747 5
6548 6748 4
6549 6749 5
6550 6750 5
6551 6751 5
6552 6752 7
6553 6753 7
6554 6754 7
6555 6755 4
6556 6756 7
6557 6757 5
6558 6758 7
6559 6759 5
6560 6760 5
6561 6761 5
6562 6762 5
6563 6763 7
6564 6764 9
6565 6765 5
6566 6766 5
6567 6767 5
6568 6768 10
6569 6769 5
6570 6770 5
6571 6771 5
6572 6772 10
6573 6773 10
6574 6774 8
6575 6775 8
6576 6776 5
6577 6777 4
6578 6778 4
6579 6779 5
6580 6780 7
6581 6781 7
6582 6782 8
6583 6783 12
6584 6784 8
6585 6785 8
6586 6786 10
6587 6787 8
6588 6788 4
6589 6789 5
6590 6790 5
6591 6791 3
6592 6792 2
6593 6793 5
6594 6794 1
6595 6795 3
6596 6796 1
6597 6797 2
6598 6798 1
6599 6799 3
6600 6800 2
6601 6801 2
6602 6802 3
6603 6803 13
6604 6804 11
6605 6805 5
6606 6806 10
6607 6807 8
6608 6808 5
6609 6809 5
6610 6810 10
6611 6811 9
6612 6812 8
6613 6813 5
6614 6814 2
6615 6815 2
6616 6816 3
6617 6817 3
6618 6818 5
6619 6819 6
6620 6820 6
6621 6821 6
6622 6822 9
6623 6823 5
6624 6824 5
6625 6825 3
6626 6826 3
6627 6827 4
6628 6828 1
6629 6829 6
6630 6830 6
6631 6831 6
6632 6832 6
6633 6833 7
6634 6834 5
6635 6835 6
6636 6836 4
6637 6837 7
6638 6838 3
6639 6839 4
6640 6840 4
6641 6841 3
6642 6842 4
6643 6843 5
6644 6844 5
6645 6845 7
6646 6846 7
6647 6847 7
6648 6848 6
6649 6849 6
6650 6850 5
6651 6851 5
6652 6852 5
6653 6853 5
6654 6854 5
6655 6855 4
6656 6856 6
6657 6857 4
6658 6858 4
6659 6859 3
6660 6860 3
6661 6861 5
6662 6862 5
6663 6863 4
6664 6864 3
6665 6865 3
6666 6866 2
6667 6867 2
6668 6868 5
6669 6869 5
6670 6870 5
6671 6871 3
6672 6872 5
6673 6873 4
6674 6874 4
6675 6875 5
6676 6876 4
6677 6877 4
6678 6878 5
6679 6879 5
6680 6880 5
6681 6881 5
6682 6882 5
6683 6883 5
6684 6884 1
6685 6885 3
6686 6886 5
6687 6887 5
6688 6888 4
6689 6889 3
6690 6890 4
6691 6891 5
6692 6892 5
6693 6893 4
6694 6894 4
6695 6895 13
6696 6896 3
6697 6897 5
6698 6898 6
6699 6899 6
6700 6900 7
6701 6901 4
6702 6902 3
6703 6903 7
6704 6904 5
6705 6905 14
6706 6906 4
6707 6907 4
6708 6908 5
6709 6909 5
6710 6910 5
6711 6911 8
6712 6912 11
6713 6913 9
6714 6914 5
6715 6915 5
6716 6916 9
6717 6917 2
6718 6918 5
6719 6919 8
6720 6920 5
6721 6921 5
6722 6922 5
6723 6923 3
6724 6924 5
6725 6925 4
6726 6926 7
6727 6927 4
6728 6928 12
6729 6929 9
6730 6930 9
6731 6931 5
6732 6932 5
6733 6933 5
6734 6934 5
6735 6935 5
6736 6936 2
6737 6937 3
6738 6938 4
6739 6939 5
6740 6940 5
6741 6941 3
6742 6942 5
6743 6943 5
6744 6944 5
6745 6945 5
6746 6946 5
6747 6947 5
6748 6948 4
6749 6949 5
6750 6950 5
6751 6951 7
6752 6952 6
6753 6953 6
6754 6954 4
6755 6955 4
6756 6956 5
6757 6957 5
6758 6958 7
6759 6959 7
6760 6960 2
6761 6961 7
6762 6962 8
6763 6963 6
6764 6964 7
6765 6965 1
6766 6966 5
6767 6967 7
6768 6968 7
6769 6969 5
6770 6970 5
6771 6971 5
6772 6972 7
6773 6973 7
6774 6974 7
6775 6975 5
6776 6976 5
6777 6977 2
6778 6978 5
6779 6979 4
6780 6980 5
6781 6981 5
6782 6982 4
6783 6983 3
6784 6984 9
6785 6985 11
6786 6986 5
6787 6987 4
6788 6988 4
6789 6989 4
6790 6990 4
6791 6991 4
6792 6992 5
6793 6993 4
6794 6994 4
6795 6995 8
6796 6996 5
6797 6997 3
6798 6998 4
6799 6999 3
6800 7000 3
